Id	Satisfaction (1-5)
1	4
2	4
3	5
4	5
5	5
6	2
7	3
8	1
9	2
10	3
11	4
12	3
13	3
14	5
15	2
16	2
17	4
18	2
19	4
20	2
21	5
22	5
23	2
24	1
25	3
26	2
27	3
28	1
29	4
30	1
31	5
32	3
33	2
34	5
35	2
36	4
37	3
38	1
39	2
40	2
41	5
42	5
43	5
44	2
45	3
46	2
47	4
48	4
49	1
50	5
51	3
52	1
53	4
54	3
55	3
56	1
57	2
58	1
59	5
60	4
61	2
62	1
63	3
64	5
65	5
66	4
67	2
68	4
69	2
70	1
71	5
72	4
73	4
74	5
75	1
76	1
77	4
78	2
79	1
80	5
81	4
82	4
83	3
84	5
85	5
86	5
87	4
88	1
89	5
90	2
91	1
92	5
93	1
94	5
95	5
96	4
97	2
98	1
99	4
100	3
101	2
102	5
103	2
104	3
105	5
106	2
107	1
108	3
109	3
110	4
111	1
112	3
113	3
114	5
115	1
116	4
117	5
118	5
119	4
120	5
121	1
122	2
123	4
124	5
125	1
126	2
127	1
128	3
129	4
130	4
131	3
132	4
133	5
134	4
135	4
136	5
137	3
138	2
139	4
140	2
141	2
142	2
143	4
144	4
145	4
146	3
147	2
148	2
149	2
150	3
151	3
152	2
153	4
154	1
155	1
156	3
157	5
158	2
159	2
160	4
161	2
162	1
163	5
164	1
165	5
166	2
167	5
168	5
169	4
170	4
171	3
172	1
173	5
174	1
175	3
176	5
177	4
178	4
179	1
180	1
181	2
182	2
183	3
184	1
185	3
186	1
187	4
188	2
189	5
190	1
191	4
192	3
193	2
194	2
195	1
196	3
197	3
198	1
199	1
200	5
201	4
202	2
203	4
204	2
205	3
206	1
207	4
208	1
209	1
210	2
211	3
212	1
213	5
214	4
215	1
216	2
217	4
218	2
219	2
220	3
221	4
222	4
223	3
224	1
225	4
226	5
227	1
228	4
229	4
230	2
231	1
232	2
233	4
234	3
235	2
236	1
237	2
238	4
239	2
240	5
241	2
242	5
243	1
244	4
245	4
246	4
247	3
248	5
249	1
250	3
251	1
252	2
253	3
254	4
255	1
256	1
257	2
258	3
259	1
260	4
261	5
262	2
263	5
264	4
265	2
266	1
267	3
268	4
269	3
270	5
271	2
272	5
273	1
274	2
275	3
276	4
277	1
278	2
279	3
280	2
281	3
282	4
283	2
284	1
285	5
286	3
287	2
288	5
289	2
290	1
291	4
292	5
293	3
294	3
295	4
296	4
297	2
298	2
299	2
300	2
301	4
302	2
303	1
304	4
305	5
306	1
307	2
308	4
309	4
310	2
311	2
312	4
313	3
314	1
315	2
316	1
317	5
318	3
319	3
320	4
321	3
322	1
323	2
324	5
325	2
326	2
327	3
328	2
329	4
330	3
331	4
332	2
333	1
334	4
335	2
336	4
337	2
338	4
339	1
340	5
341	2
342	5
343	4
344	3
345	1
346	4
347	1
348	3
349	1
350	4
351	2
352	1
353	4
354	4
355	1
356	1
357	4
358	4
359	2
360	3
361	3
362	5
363	5
364	2
365	3
366	4
367	4
368	4
369	4
370	3
371	3
372	5
373	2
374	4
375	2
376	1
377	3
378	4
379	2
380	5
381	1
382	4
383	5
384	2
385	4
386	1
387	3
388	3
389	1
390	4
391	2
392	3
393	4
394	1
395	3
396	5
397	3
398	1
399	5
400	4
401	1
402	4
403	1
404	4
405	3
406	3
407	3
408	2
409	2
410	2
411	1
412	1
413	5
414	5
415	3
416	4
417	2
418	3
419	1
420	1
421	1
422	4
423	1
424	1
425	5
426	5
427	2
428	2
429	2
430	5
431	2
432	4
433	1
434	3
435	1
436	1
437	5
438	4
439	3
440	2
441	2
442	4
443	4
444	2
445	3
446	5
447	4
448	2
449	3
450	5
451	3
452	3
453	3
454	3
455	4
456	3
457	2
458	3
459	3
460	2
461	5
462	3
463	2
464	4
465	4
466	1
467	2
468	4
469	2
470	2
471	5
472	5
473	4
474	2
475	1
476	2
477	2
478	2
479	2
480	3
481	4
482	1
483	5
484	1
485	4
486	1
487	1
488	3
489	5
490	5
491	4
492	3
493	3
494	3
495	5
496	3
497	2
498	2
499	4
500	1
501	1
502	2
503	5
504	2
505	3
506	1
507	3
508	2
509	4
510	3
511	1
512	3
513	1
514	4
515	5
516	5
517	1
518	3
519	4
520	2
521	3
522	5
523	3
524	1
525	3
526	3
527	1
528	4
529	2
530	4
531	3
532	3
533	5
534	3
535	1
536	4
537	5
538	5
539	4
540	1
541	4
542	2
543	2
544	4
545	5
546	4
547	5
548	4
549	1
550	5
551	4
552	2
553	1
554	3
555	3
556	1
557	3
558	4
559	2
560	5
561	2
562	5
563	5
564	5
565	5
566	1
567	1
568	3
569	4
570	5
571	5
572	1
573	5
574	3
575	2
576	4
577	4
578	3
579	5
580	5
581	1
582	3
583	5
584	2
585	3
586	5
587	1
588	5
589	4
590	3
591	5
592	3
593	4
594	1
595	3
596	4
597	4
598	1
599	2
600	2
601	2
602	5
603	1
604	3
605	1
606	4
607	2
608	1
609	2
610	3
611	3
612	4
613	4
614	4
615	5
616	1
617	2
618	5
619	4
620	2
621	5
622	3
623	5
624	5
625	5
626	4
627	1
628	5
629	3
630	1
631	4
632	4
633	2
634	2
635	4
636	4
637	4
638	4
639	4
640	3
641	5
642	4
643	3
644	5
645	4
646	5
647	2
648	1
649	2
650	2
651	2
652	3
653	1
654	1
655	2
656	4
657	2
658	2
659	3
660	1
661	4
662	1
663	4
664	5
665	2
666	4
667	1
668	3
669	3
670	1
671	4
672	5
673	3
674	4
675	3
676	2
677	1
678	4
679	5
680	1
681	3
682	4
683	3
684	2
685	4
686	2
687	4
688	3
689	4
690	3
691	3
692	3
693	3
694	4
695	5
696	5
697	1
698	4
699	5
700	5
701	2
702	3
703	5
704	4
705	3
706	1
707	2
708	3
709	2
710	5
711	2
712	1
713	2
714	4
715	2
716	4
717	1
718	2
719	4
720	4
721	4
722	4
723	4
724	2
725	2
726	5
727	4
728	3
729	5
730	4
731	5
732	3
733	5
734	1
735	5
736	4
737	2
738	3
739	1
740	4
741	1
742	5
743	4
744	2
745	1
746	3
747	3
748	3
749	5
750	2
751	1
752	2
753	1
754	4
755	4
756	4
757	2
758	2
759	2
760	3
761	3
762	4
763	4
764	3
765	4
766	2
767	1
768	4
769	3
770	2
771	1
772	5
773	3
774	3
775	4
776	1
777	2
778	2
779	5
780	4
781	4
782	4
783	1
784	3
785	4
786	3
787	2
788	5
789	4
790	5
791	5
792	3
793	1
794	4
795	1
796	3
797	4
798	3
799	3
800	3
801	5
802	1
803	3
804	2
805	4
806	2
807	1
808	1
809	3
810	5
811	2
812	1
813	2
814	5
815	5
816	4
817	4
818	1
819	5
820	4
821	2
822	1
823	3
824	3
825	4
826	4
827	4
828	3
829	2
830	2
831	2
832	4
833	3
834	3
835	5
836	2
837	5
838	2
839	5
840	3
841	5
842	5
843	5
844	4
845	5
846	1
847	4
848	1
849	1
850	5
851	5
852	3
853	2
854	1
855	1
856	4
857	5
858	3
859	3
860	3
861	5
862	5
863	3
864	1
865	3
866	5
867	1
868	1
869	2
870	4
871	5
872	5
873	1
874	2
875	1
876	5
877	1
878	4
879	2
880	2
881	1
882	1
883	5
884	3
885	5
886	5
887	1
888	3
889	1
890	3
891	2
892	4
893	3
894	1
895	3
896	2
897	3
898	4
899	3
900	2
901	3
902	3
903	3
904	3
905	5
906	2
907	3
908	2
909	4
910	4
911	4
912	2
913	1
914	5
915	4
916	3
917	5
918	3
919	4
920	1
921	5
922	4
923	4
924	1
925	4
926	1
927	3
928	2
929	4
930	4
931	2
932	3
933	2
934	1
935	3
936	5
937	2
938	5
939	2
940	3
941	1
942	4
943	4
944	3
945	2
946	2
947	3
948	4
949	2
950	3
951	3
952	1
953	2
954	5
955	4
956	4
957	5
958	5
959	3
960	1
961	4
962	2
963	1
964	4
965	2
966	2
967	1
968	5
969	3
970	1
971	1
972	1
973	3
974	5
975	2
976	5
977	5
978	5
979	3
980	2
981	5
982	3
983	3
984	3
985	3
986	3
987	5
988	4
989	1
990	5
991	3
992	1
993	4
994	1
995	1
996	2
997	3
998	1
999	4
1000	5
1001	4
1002	4
1003	4
1004	1
1005	1
1006	4
1007	2
1008	2
1009	3
1010	3
1011	2
1012	5
1013	2
1014	3
1015	5
1016	3
1017	1
1018	5
1019	2
1020	4
1021	4
1022	2
1023	2
1024	2
1025	1
1026	2
1027	5
1028	5
1029	2
1030	3
1031	2
1032	5
1033	3
1034	3
1035	5
1036	4
1037	2
1038	5
1039	3
1040	3
1041	3
1042	5
1043	3
1044	4
1045	3
1046	5
1047	3
1048	1
1049	3
1050	2
1051	3
1052	2
1053	3
1054	3
1055	2
1056	2
1057	5
1058	3
1059	3
1060	4
1061	2
1062	5
1063	2
1064	3
1065	2
1066	5
1067	3
1068	3
1069	3
1070	3
1071	5
1072	2
1073	5
1074	4
1075	3
1076	1
1077	1
1078	4
1079	5
1080	1
1081	1
1082	1
1083	4
1084	2
1085	1
1086	5
1087	5
1088	1
1089	2
1090	2
1091	4
1092	3
1093	1
1094	5
1095	2
1096	4
1097	3
1098	3
1099	4
1100	5
1101	2
1102	4
1103	2
1104	1
1105	3
1106	5
1107	4
1108	2
1109	4
1110	4
1111	3
1112	2
1113	4
1114	4
1115	1
1116	2
1117	2
1118	3
1119	4
1120	5
1121	3
1122	1
1123	4
1124	1
1125	5
1126	5
1127	2
1128	2
1129	2
1130	2
1131	5
1132	4
1133	1
1134	1
1135	5
1136	4
1137	1
1138	5
1139	3
1140	4
1141	5
1142	4
1143	2
1144	3
1145	2
1146	5
1147	4
1148	1
1149	5
1150	5
1151	3
1152	2
1153	3
1154	1
1155	3
1156	5
1157	4
1158	3
1159	3
1160	4
1161	4
1162	4
1163	2
1164	3
1165	1
1166	2
1167	2
1168	2
1169	2
1170	1
1171	1
1172	2
1173	2
1174	4
1175	5
1176	3
1177	3
1178	5
1179	3
1180	4
1181	2
1182	2
1183	1
1184	1
1185	5
1186	5
1187	1
1188	4
1189	2
1190	3
1191	1
1192	3
1193	3
1194	4
1195	5
1196	3
1197	3
1198	1
1199	2
1200	1
1201	5
1202	4
1203	1
1204	4
1205	5
1206	4
1207	4
1208	3
1209	3
1210	2
1211	4
1212	2
1213	1
1214	2
1215	3
1216	4
1217	5
1218	1
1219	1
1220	1
1221	2
1222	5
1223	3
1224	3
1225	3
1226	2
1227	4
1228	4
1229	5
1230	1
1231	1
1232	2
1233	2
1234	4
1235	3
1236	1
1237	4
1238	5
1239	1
1240	1
1241	2
1242	4
1243	5
1244	1
1245	2
1246	1
1247	4
1248	2
1249	1
1250	3
1251	5
1252	5
1253	2
1254	4
1255	5
1256	2
1257	2
1258	2
1259	5
1260	4
1261	5
1262	4
1263	4
1264	5
1265	3
1266	4
1267	2
1268	3
1269	2
1270	4
1271	1
1272	2
1273	1
1274	5
1275	4
1276	2
1277	5
1278	2
1279	2
1280	1
1281	4
1282	1
1283	4
1284	2
1285	3
1286	4
1287	2
1288	2
1289	5
1290	2
1291	2
1292	1
1293	3
1294	4
1295	5
1296	4
1297	4
1298	4
1299	3
1300	5
1301	4
1302	3
1303	4
1304	4
1305	4
1306	4
1307	4
1308	3
1309	3
1310	5
1311	2
1312	1
1313	3
1314	1
1315	4
1316	5
1317	3
1318	5
1319	3
1320	1
1321	3
1322	3
1323	1
1324	3
1325	5
1326	3
1327	1
1328	4
1329	5
1330	2
1331	1
1332	1
1333	5
1334	5
1335	4
1336	5
1337	1
1338	1
1339	2
1340	2
1341	1
1342	1
1343	1
1344	4
1345	4
1346	5
1347	2
1348	4
1349	3
1350	3
1351	1
1352	3
1353	2
1354	5
1355	3
1356	2
1357	2
1358	4
1359	4
1360	3
1361	5
1362	4
1363	4
1364	4
1365	5
1366	4
1367	3
1368	3
1369	2
1370	5
1371	4
1372	5
1373	5
1374	3
1375	4
1376	5
1377	5
1378	2
1379	3
1380	3
1381	1
1382	5
1383	4
1384	1
1385	5
1386	4
1387	1
1388	5
1389	5
1390	5
1391	2
1392	3
1393	1
1394	4
1395	1
1396	1
1397	1
1398	3
1399	5
1400	4
1401	5
1402	3
1403	1
1404	1
1405	2
1406	1
1407	4
1408	5
1409	2
1410	3
1411	5
1412	3
1413	2
1414	3
1415	1
1416	2
1417	5
1418	5
1419	2
1420	5
1421	1
1422	1
1423	2
1424	2
1425	3
1426	5
1427	3
1428	4
1429	3
1430	5
1431	4
1432	1
1433	4
1434	3
1435	3
1436	4
1437	3
1438	1
1439	2
1440	4
1441	2
1442	2
1443	4
1444	1
1445	2
1446	5
1447	2
1448	1
1449	1
1450	2
1451	5
1452	2
1453	2
1454	5
1455	3
1456	3
1457	5
1458	5
1459	2
1460	3
1461	2
1462	1
1463	3
1464	4
1465	1
1466	4
1467	5
1468	4
1469	1
1470	3
1471	2
1472	2
1473	3
1474	5
1475	3
1476	1
1477	5
1478	2
1479	1
1480	1
1481	2
1482	1
1483	2
1484	3
1485	2
1486	3
1487	1
1488	1
1489	1
1490	2
1491	5
1492	5
1493	2
1494	2
1495	3
1496	2
1497	3
1498	4
1499	3
1500	2
1501	4
1502	3
1503	4
1504	5
1505	2
1506	2
1507	3
1508	4
1509	2
1510	2
1511	2
1512	4
1513	1
1514	1
1515	2
1516	2
1517	3
1518	2
1519	5
1520	4
1521	5
1522	1
1523	4
1524	2
1525	1
1526	3
1527	4
1528	3
1529	1
1530	5
1531	4
1532	2
1533	5
1534	1
1535	1
1536	2
1537	1
1538	5
1539	1
1540	2
1541	1
1542	4
1543	4
1544	5
1545	3
1546	4
1547	2
1548	3
1549	4
1550	5
1551	2
1552	1
1553	4
1554	2
1555	5
1556	4
1557	3
1558	3
1559	2
1560	2
1561	3
1562	1
1563	5
1564	1
1565	5
1566	5
1567	5
1568	3
1569	1
1570	4
1571	3
1572	4
1573	4
1574	5
1575	3
1576	5
1577	5
1578	5
1579	4
1580	1
1581	1
1582	1
1583	3
1584	2
1585	2
1586	5
1587	4
1588	5
1589	4
1590	5
1591	5
1592	5
1593	2
1594	5
1595	3
1596	5
1597	5
1598	5
1599	1
1600	4
1601	1
1602	5
1603	3
1604	5
1605	3
1606	5
1607	3
1608	1
1609	3
1610	5
1611	4
1612	4
1613	3
1614	2
1615	1
1616	2
1617	4
1618	2
1619	5
1620	4
1621	5
1622	1
1623	3
1624	5
1625	2
1626	1
1627	2
1628	4
1629	3
1630	5
1631	2
1632	4
1633	2
1634	1
1635	3
1636	1
1637	5
1638	2
1639	4
1640	1
1641	5
1642	4
1643	3
1644	3
1645	3
1646	4
1647	4
1648	2
1649	3
1650	3
1651	5
1652	5
1653	4
1654	3
1655	2
1656	1
1657	2
1658	1
1659	5
1660	1
1661	1
1662	1
1663	1
1664	3
1665	2
1666	3
1667	4
1668	4
1669	1
1670	1
1671	5
1672	1
1673	4
1674	1
1675	1
1676	1
1677	3
1678	1
1679	5
1680	4
1681	3
1682	3
1683	5
1684	5
1685	5
1686	2
1687	3
1688	3
1689	5
1690	3
1691	5
1692	3
1693	2
1694	5
1695	4
1696	3
1697	2
1698	3
1699	3
1700	3
1701	3
1702	5
1703	1
1704	1
1705	5
1706	1
1707	2
1708	2
1709	2
1710	1
1711	4
1712	4
1713	5
1714	5
1715	4
1716	5
1717	5
1718	1
1719	5
1720	1
1721	5
1722	1
1723	3
1724	2
1725	5
1726	2
1727	5
1728	4
1729	4
1730	4
1731	4
1732	3
1733	2
1734	3
1735	5
1736	2
1737	3
1738	5
1739	5
1740	4
1741	5
1742	5
1743	1
1744	2
1745	4
1746	3
1747	2
1748	3
1749	3
1750	5
1751	5
1752	2
1753	3
1754	1
1755	2
1756	2
1757	4
1758	2
1759	4
1760	2
1761	2
1762	4
1763	5
1764	2
1765	1
1766	5
1767	1
1768	4
1769	1
1770	1
1771	3
1772	1
1773	5
1774	1
1775	4
1776	1
1777	2
1778	1
1779	4
1780	1
1781	2
1782	5
1783	4
1784	3
1785	1
1786	4
1787	2
1788	3
1789	2
1790	1
1791	3
1792	1
1793	3
1794	2
1795	4
1796	2
1797	3
1798	3
1799	5
1800	3
1801	5
1802	3
1803	2
1804	5
1805	1
1806	2
1807	4
1808	2
1809	3
1810	3
1811	5
1812	2
1813	4
1814	3
1815	1
1816	1
1817	2
1818	5
1819	2
1820	5
1821	5
1822	5
1823	1
1824	2
1825	3
1826	4
1827	3
1828	3
1829	3
1830	3
1831	1
1832	3
1833	2
1834	5
1835	3
1836	1
1837	1
1838	3
1839	5
1840	3
1841	4
1842	5
1843	3
1844	2
1845	2
1846	2
1847	4
1848	2
1849	3
1850	3
1851	4
1852	3
1853	4
1854	4
1855	1
1856	1
1857	3
1858	2
1859	2
1860	5
1861	1
1862	5
1863	1
1864	4
1865	1
1866	5
1867	5
1868	5
1869	4
1870	2
1871	4
1872	3
1873	4
1874	4
1875	3
1876	2
1877	3
1878	5
1879	3
1880	5
1881	5
1882	2
1883	5
1884	5
1885	1
1886	3
1887	2
1888	1
1889	2
1890	2
1891	3
1892	5
1893	3
1894	4
1895	1
1896	3
1897	4
1898	1
1899	4
1900	4
1901	4
1902	5
1903	5
1904	4
1905	1
1906	4
1907	2
1908	3
1909	5
1910	5
1911	4
1912	5
1913	2
1914	5
1915	3
1916	2
1917	5
1918	4
1919	5
1920	1
1921	2
1922	3
1923	2
1924	1
1925	5
1926	1
1927	5
1928	2
1929	1
1930	1
1931	1
1932	4
1933	1
1934	2
1935	3
1936	3
1937	5
1938	1
1939	4
1940	2
1941	1
1942	5
1943	1
1944	3
1945	2
1946	4
1947	5
1948	3
1949	2
1950	2
1951	5
1952	4
1953	3
1954	1
1955	4
1956	2
1957	2
1958	4
1959	5
1960	5
1961	2
1962	3
1963	2
1964	2
1965	3
1966	5
1967	3
1968	2
1969	3
1970	3
1971	3
1972	1
1973	4
1974	5
1975	4
1976	3
1977	5
1978	5
1979	2
1980	5
1981	5
1982	3
1983	1
1984	3
1985	3
1986	3
1987	1
1988	3
1989	5
1990	3
1991	4
1992	3
1993	1
1994	5
1995	4
1996	3
1997	5
1998	4
1999	2
2000	4
2001	4
2002	1
2003	1
2004	1
2005	3
2006	4
2007	5
2008	5
2009	5
2010	5
2011	5
2012	5
2013	5
2014	4
2015	4
2016	2
2017	4
2018	1
2019	4
2020	2
2021	3
2022	2
2023	5
2024	3
2025	2
2026	1
2027	3
2028	2
2029	3
2030	2
2031	2
2032	1
2033	2
2034	2
2035	3
2036	3
2037	4
2038	2
2039	2
2040	3
2041	5
2042	2
2043	4
2044	4
2045	5
2046	1
2047	5
2048	3
2049	1
2050	5
2051	2
2052	2
2053	5
2054	2
2055	1
2056	4
2057	1
2058	2
2059	4
2060	3
2061	3
2062	2
2063	1
2064	2
2065	2
2066	5
2067	1
2068	1
2069	5
2070	2
2071	1
2072	2
2073	3
2074	4
2075	1
2076	1
2077	5
2078	2
2079	5
2080	3
2081	3
2082	1
2083	4
2084	5
2085	5
2086	2
2087	2
2088	3
2089	4
2090	3
2091	1
2092	1
2093	4
2094	5
2095	4
2096	2
2097	1
2098	1
2099	2
2100	5
2101	5
2102	4
2103	2
2104	5
2105	4
2106	2
2107	4
2108	2
2109	4
2110	1
2111	5
2112	5
2113	4
2114	1
2115	3
2116	2
2117	4
2118	5
2119	4
2120	5
2121	3
2122	4
2123	5
2124	2
2125	4
2126	3
2127	3
2128	5
2129	4
2130	3
2131	5
2132	1
2133	1
2134	3
2135	2
2136	1
2137	1
2138	3
2139	5
2140	5
2141	1
2142	3
2143	5
2144	1
2145	2
2146	3
2147	3
2148	5
2149	3
2150	4
2151	3
2152	2
2153	3
2154	5
2155	5
2156	4
2157	3
2158	3
2159	2
2160	4
2161	2
2162	5
2163	4
2164	3
2165	2
2166	1
2167	2
2168	5
2169	1
2170	5
2171	1
2172	1
2173	3
2174	3
2175	2
2176	5
2177	5
2178	3
2179	4
2180	5
2181	5
2182	2
2183	2
2184	1
2185	3
2186	4
2187	2
2188	1
2189	4
2190	1
2191	2
2192	4
2193	4
2194	4
2195	3
2196	1
2197	5
2198	5
2199	5
2200	3
2201	4
2202	5
2203	4
2204	4
2205	4
2206	1
2207	3
2208	5
2209	1
2210	3
2211	1
2212	2
2213	4
2214	3
2215	5
2216	3
2217	1
2218	2
2219	5
2220	2
2221	1
2222	4
2223	3
2224	2
2225	1
2226	4
2227	2
2228	4
2229	3
2230	3
2231	1
2232	2
2233	1
2234	2
2235	1
2236	5
2237	2
2238	2
2239	1
2240	1
2241	1
2242	2
2243	5
2244	2
2245	3
2246	5
2247	4
2248	3
2249	5
2250	3
2251	4
2252	3
2253	1
2254	1
2255	1
2256	3
2257	4
2258	4
2259	5
2260	1
2261	2
2262	3
2263	1
2264	2
2265	4
2266	3
2267	4
2268	5
2269	1
2270	5
2271	5
2272	1
2273	2
2274	3
2275	3
2276	5
2277	4
2278	5
2279	2
2280	5
2281	1
2282	3
2283	3
2284	5
2285	4
2286	1
2287	1
2288	2
2289	5
2290	1
2291	1
2292	3
2293	4
2294	3
2295	3
2296	3
2297	4
2298	2
2299	4
2300	4
2301	4
2302	4
2303	4
2304	2
2305	2
2306	4
2307	2
2308	3
2309	2
2310	3
2311	2
2312	5
2313	4
2314	2
2315	2
2316	5
2317	5
2318	4
2319	4
2320	5
2321	4
2322	3
2323	1
2324	3
2325	1
2326	3
2327	1
2328	3
2329	5
2330	5
2331	1
2332	3
2333	4
2334	1
2335	1
2336	3
2337	2
2338	2
2339	2
2340	5
2341	5
2342	2
2343	1
2344	4
2345	1
2346	3
2347	4
2348	3
2349	3
2350	4
2351	3
2352	1
2353	5
2354	5
2355	3
2356	4
2357	1
2358	3
2359	1
2360	2
2361	1
2362	5
2363	2
2364	4
2365	5
2366	2
2367	4
2368	2
2369	2
2370	5
2371	5
2372	3
2373	1
2374	1
2375	3
2376	3
2377	5
2378	4
2379	5
2380	3
2381	2
2382	4
2383	4
2384	4
2385	3
2386	1
2387	1
2388	5
2389	3
2390	2
2391	3
2392	2
2393	3
2394	4
2395	3
2396	5
2397	4
2398	4
2399	5
2400	2
2401	1
2402	4
2403	4
2404	3
2405	2
2406	3
2407	4
2408	2
2409	5
2410	2
2411	1
2412	1
2413	1
2414	3
2415	2
2416	5
2417	4
2418	1
2419	4
2420	1
2421	2
2422	4
2423	3
2424	3
2425	5
2426	5
2427	3
2428	5
2429	2
2430	2
2431	1
2432	1
2433	5
2434	2
2435	2
2436	3
2437	5
2438	5
2439	5
2440	4
2441	3
2442	4
2443	1
2444	1
2445	2
2446	3
2447	4
2448	3
2449	3
2450	2
2451	5
2452	1
2453	1
2454	3
2455	3
2456	5
2457	3
2458	2
2459	3
2460	5
2461	5
2462	3
2463	1
2464	2
2465	1
2466	2
2467	5
2468	3
2469	1
2470	3
2471	1
2472	2
2473	3
2474	3
2475	5
2476	4
2477	3
2478	1
2479	3
2480	4
2481	3
2482	4
2483	4
2484	2
2485	5
2486	1
2487	5
2488	3
2489	3
2490	4
2491	1
2492	1
2493	4
2494	4
2495	4
2496	1
2497	3
2498	1
2499	4
2500	5
2501	4
2502	2
2503	1
2504	5
2505	3
2506	1
2507	3
2508	1
2509	4
2510	3
2511	1
2512	5
2513	4
2514	3
2515	2
2516	5
2517	4
2518	2
2519	4
2520	2
2521	1
2522	4
2523	3
2524	3
2525	4
2526	3
2527	3
2528	1
2529	4
2530	3
2531	5
2532	5
2533	5
2534	2
2535	4
2536	4
2537	2
2538	1
2539	4
2540	3
2541	2
2542	2
2543	4
2544	1
2545	3
2546	4
2547	5
2548	5
2549	4
2550	1
2551	1
2552	2
2553	1
2554	3
2555	2
2556	1
2557	4
2558	3
2559	1
2560	2
2561	5
2562	5
2563	5
2564	2
2565	1
2566	3
2567	3
2568	4
2569	3
2570	3
2571	4
2572	5
2573	2
2574	2
2575	4
2576	3
2577	1
2578	1
2579	2
2580	1
2581	5
2582	5
2583	2
2584	1
2585	1
2586	5
2587	1
2588	2
2589	3
2590	1
2591	1
2592	5
2593	1
2594	5
2595	2
2596	5
2597	1
2598	3
2599	4
2600	3
2601	4
2602	2
2603	4
2604	5
2605	3
2606	3
2607	2
2608	1
2609	4
2610	1
2611	3
2612	4
2613	2
2614	4
2615	1
2616	5
2617	1
2618	4
2619	1
2620	4
2621	5
2622	3
2623	1
2624	4
2625	3
2626	3
2627	2
2628	5
2629	2
2630	5
2631	1
2632	4
2633	4
2634	4
2635	2
2636	4
2637	1
2638	2
2639	3
2640	1
2641	1
2642	1
2643	4
2644	5
2645	3
2646	3
2647	2
2648	3
2649	3
2650	5
2651	5
2652	2
2653	4
2654	1
2655	4
2656	5
2657	3
2658	3
2659	4
2660	1
2661	4
2662	1
2663	1
2664	4
2665	1
2666	3
2667	2
2668	2
2669	1
2670	1
2671	5
2672	1
2673	1
2674	1
2675	5
2676	4
2677	3
2678	3
2679	5
2680	2
2681	4
2682	3
2683	2
2684	2
2685	3
2686	3
2687	3
2688	2
2689	2
2690	1
2691	1
2692	2
2693	4
2694	5
2695	4
2696	3
2697	5
2698	3
2699	5
2700	2
2701	2
2702	1
2703	1
2704	2
2705	1
2706	2
2707	4
2708	1
2709	4
2710	2
2711	1
2712	5
2713	5
2714	2
2715	4
2716	5
2717	3
2718	3
2719	1
2720	1
2721	2
2722	4
2723	2
2724	3
2725	5
2726	5
2727	4
2728	5
2729	4
2730	5
2731	5
2732	3
2733	1
2734	5
2735	3
2736	2
2737	4
2738	5
2739	2
2740	3
2741	3
2742	1
2743	3
2744	2
2745	4
2746	3
2747	1
2748	5
2749	4
2750	1
2751	1
2752	5
2753	4
2754	4
2755	1
2756	4
2757	5
2758	2
2759	1
2760	1
2761	1
2762	4
2763	4
2764	3
2765	4
2766	1
2767	2
2768	4
2769	3
2770	5
2771	1
2772	2
2773	1
2774	5
2775	2
2776	3
2777	3
2778	5
2779	3
2780	2
2781	4
2782	3
2783	2
2784	3
2785	2
2786	1
2787	4
2788	4
2789	4
2790	5
2791	3
2792	3
2793	4
2794	4
2795	4
2796	2
2797	4
2798	4
2799	1
2800	5
2801	1
2802	1
2803	1
2804	2
2805	2
2806	2
2807	5
2808	2
2809	3
2810	4
2811	3
2812	3
2813	3
2814	2
2815	3
2816	1
2817	4
2818	5
2819	1
2820	3
2821	1
2822	1
2823	3
2824	1
2825	2
2826	4
2827	3
2828	2
2829	4
2830	1
2831	2
2832	2
2833	2
2834	1
2835	1
2836	1
2837	2
2838	5
2839	2
2840	1
2841	5
2842	4
2843	4
2844	1
2845	1
2846	1
2847	4
2848	2
2849	3
2850	2
2851	4
2852	5
2853	4
2854	2
2855	5
2856	4
2857	5
2858	1
2859	3
2860	2
2861	1
2862	1
2863	4
2864	4
2865	1
2866	4
2867	4
2868	2
2869	4
2870	4
2871	3
2872	1
2873	1
2874	4
2875	5
2876	3
2877	3
2878	2
2879	2
2880	1
2881	1
2882	5
2883	5
2884	1
2885	3
2886	1
2887	1
2888	5
2889	3
2890	2
2891	1
2892	3
2893	4
2894	1
2895	4
2896	5
2897	5
2898	1
2899	4
2900	2
2901	5
2902	3
2903	5
2904	5
2905	4
2906	5
2907	4
2908	1
2909	3
2910	4
2911	1
2912	3
2913	3
2914	1
2915	3
2916	2
2917	3
2918	2
2919	5
2920	4
2921	2
2922	2
2923	2
2924	2
2925	2
2926	1
2927	1
2928	3
2929	3
2930	2
2931	4
2932	5
2933	1
2934	3
2935	5
2936	1
2937	1
2938	5
2939	1
2940	4
2941	4
2942	2
2943	1
2944	5
2945	4
2946	5
2947	1
2948	5
2949	1
2950	2
2951	4
2952	2
2953	3
2954	3
2955	3
2956	1
2957	5
2958	1
2959	5
2960	5
2961	2
2962	5
2963	3
2964	5
2965	4
2966	4
2967	1
2968	2
2969	2
2970	2
2971	3
2972	2
2973	1
2974	1
2975	2
2976	3
2977	2
2978	2
2979	3
2980	3
2981	3
2982	2
2983	4
2984	1
2985	5
2986	3
2987	1
2988	2
2989	2
2990	4
2991	3
2992	5
2993	1
2994	5
2995	2
2996	5
2997	1
2998	3
2999	3
3000	3
3001	1
3002	1
3003	4
3004	2
3005	4
3006	2
3007	1
3008	5
3009	3
3010	1
3011	4
3012	4
3013	1
3014	3
3015	2
3016	1
3017	1
3018	5
3019	1
3020	4
3021	3
3022	1
3023	3
3024	4
3025	2
3026	5
3027	2
3028	3
3029	4
3030	5
3031	3
3032	5
3033	5
3034	1
3035	2
3036	1
3037	1
3038	4
3039	2
3040	3
3041	4
3042	5
3043	4
3044	2
3045	4
3046	4
3047	3
3048	1
3049	3
3050	5
3051	4
3052	3
3053	3
3054	4
3055	4
3056	3
3057	1
3058	1
3059	1
3060	1
3061	5
3062	2
3063	2
3064	2
3065	2
3066	4
3067	2
3068	5
3069	4
3070	5
3071	5
3072	4
3073	3
3074	5
3075	4
3076	5
3077	2
3078	2
3079	5
3080	1
3081	4
3082	5
3083	2
3084	5
3085	4
3086	5
3087	1
3088	5
3089	4
3090	1
3091	4
3092	1
3093	3
3094	2
3095	3
3096	3
3097	3
3098	1
3099	4
3100	1
3101	2
3102	5
3103	5
3104	2
3105	5
3106	2
3107	2
3108	2
3109	3
3110	1
3111	4
3112	1
3113	1
3114	5
3115	4
3116	3
3117	1
3118	3
3119	3
3120	4
3121	2
3122	1
3123	2
3124	5
3125	3
3126	2
3127	5
3128	4
3129	2
3130	3
3131	1
3132	1
3133	3
3134	4
3135	5
3136	4
3137	2
3138	5
3139	1
3140	4
3141	5
3142	1
3143	2
3144	2
3145	4
3146	2
3147	5
3148	1
3149	5
3150	4
3151	1
3152	1
3153	4
3154	1
3155	3
3156	2
3157	1
3158	3
3159	5
3160	1
3161	1
3162	5
3163	2
3164	2
3165	3
3166	3
3167	2
3168	5
3169	1
3170	1
3171	4
3172	4
3173	5
3174	4
3175	2
3176	1
3177	4
3178	2
3179	5
3180	3
3181	3
3182	4
3183	2
3184	5
3185	3
3186	5
3187	5
3188	2
3189	1
3190	3
3191	3
3192	2
3193	5
3194	4
3195	2
3196	1
3197	3
3198	2
3199	2
3200	2
3201	5
3202	3
3203	4
3204	1
3205	3
3206	1
3207	1
3208	3
3209	5
3210	2
3211	4
3212	2
3213	4
3214	2
3215	1
3216	3
3217	5
3218	5
3219	3
3220	2
3221	1
3222	1
3223	2
3224	4
3225	4
3226	2
3227	3
3228	3
3229	1
3230	1
3231	1
3232	2
3233	2
3234	5
3235	1
3236	1
3237	3
3238	3
3239	4
3240	1
3241	4
3242	1
3243	5
3244	2
3245	1
3246	5
3247	4
3248	1
3249	3
3250	1
3251	3
3252	4
3253	1
3254	4
3255	2
3256	4
3257	1
3258	3
3259	5
3260	4
3261	5
3262	4
3263	1
3264	5
3265	4
3266	4
3267	5
3268	4
3269	5
3270	1
3271	1
3272	5
3273	2
3274	2
3275	2
3276	3
3277	1
3278	1
3279	3
3280	1
3281	4
3282	5
3283	5
3284	4
3285	3
3286	3
3287	4
3288	3
3289	5
3290	3
3291	5
3292	2
3293	4
3294	3
3295	2
3296	3
3297	1
3298	5
3299	1
3300	3
3301	1
3302	1
3303	2
3304	5
3305	2
3306	4
3307	4
3308	4
3309	2
3310	4
3311	3
3312	5
3313	3
3314	3
3315	5
3316	5
3317	4
3318	3
3319	5
3320	5
3321	1
3322	2
3323	5
3324	2
3325	3
3326	1
3327	5
3328	2
3329	5
3330	5
3331	3
3332	2
3333	5
3334	4
3335	1
3336	5
3337	3
3338	1
3339	3
3340	3
3341	5
3342	1
3343	5
3344	1
3345	3
3346	2
3347	2
3348	1
3349	2
3350	1
3351	5
3352	5
3353	5
3354	1
3355	1
3356	4
3357	2
3358	2
3359	3
3360	1
3361	1
3362	2
3363	1
3364	4
3365	5
3366	3
3367	5
3368	4
3369	2
3370	4
3371	5
3372	5
3373	5
3374	1
3375	2
3376	2
3377	3
3378	5
3379	2
3380	4
3381	2
3382	4
3383	4
3384	4
3385	5
3386	4
3387	1
3388	2
3389	4
3390	3
3391	2
3392	4
3393	2
3394	3
3395	5
3396	4
3397	3
3398	4
3399	4
3400	4
3401	5
3402	2
3403	1
3404	1
3405	2
3406	2
3407	1
3408	4
3409	3
3410	3
3411	5
3412	5
3413	3
3414	2
3415	4
3416	2
3417	3
3418	5
3419	2
3420	2
3421	2
3422	2
3423	5
3424	5
3425	1
3426	3
3427	4
3428	4
3429	1
3430	3
3431	2
3432	1
3433	2
3434	5
3435	3
3436	4
3437	5
3438	5
3439	5
3440	5
3441	5
3442	4
3443	1
3444	3
3445	4
3446	2
3447	2
3448	3
3449	4
3450	4
3451	1
3452	1
3453	1
3454	4
3455	4
3456	3
3457	3
3458	3
3459	2
3460	3
3461	5
3462	2
3463	3
3464	2
3465	1
3466	4
3467	5
3468	2
3469	3
3470	5
3471	2
3472	2
3473	4
3474	1
3475	2
3476	3
3477	4
3478	4
3479	4
3480	5
3481	3
3482	3
3483	4
3484	1
3485	3
3486	3
3487	4
3488	5
3489	1
3490	1
3491	1
3492	3
3493	5
3494	3
3495	4
3496	5
3497	3
3498	4
3499	4
3500	5
3501	1
3502	1
3503	2
3504	4
3505	4
3506	1
3507	1
3508	4
3509	5
3510	3
3511	1
3512	3
3513	1
3514	1
3515	2
3516	1
3517	3
3518	2
3519	2
3520	4
3521	2
3522	2
3523	3
3524	5
3525	3
3526	5
3527	3
3528	2
3529	1
3530	2
3531	3
3532	4
3533	4
3534	3
3535	1
3536	4
3537	1
3538	1
3539	3
3540	5
3541	1
3542	4
3543	5
3544	1
3545	5
3546	5
3547	4
3548	5
3549	2
3550	4
3551	2
3552	4
3553	2
3554	2
3555	1
3556	4
3557	5
3558	2
3559	5
3560	4
3561	5
3562	4
3563	4
3564	2
3565	3
3566	2
3567	2
3568	5
3569	2
3570	2
3571	4
3572	3
3573	3
3574	2
3575	1
3576	1
3577	5
3578	3
3579	2
3580	3
3581	2
3582	5
3583	5
3584	4
3585	3
3586	4
3587	5
3588	2
3589	2
3590	3
3591	1
3592	2
3593	4
3594	5
3595	2
3596	4
3597	5
3598	4
3599	5
3600	3
3601	5
3602	5
3603	1
3604	1
3605	1
3606	1
3607	4
3608	1
3609	3
3610	1
3611	2
3612	2
3613	2
3614	3
3615	3
3616	1
3617	2
3618	1
3619	3
3620	1
3621	4
3622	3
3623	1
3624	3
3625	2
3626	5
3627	4
3628	5
3629	4
3630	4
3631	4
3632	2
3633	1
3634	5
3635	3
3636	2
3637	1
3638	4
3639	1
3640	3
3641	1
3642	1
3643	1
3644	2
3645	5
3646	4
3647	3
3648	4
3649	2
3650	5
3651	3
3652	2
3653	3
3654	2
3655	1
3656	3
3657	5
3658	3
3659	1
3660	2
3661	3
3662	4
3663	3
3664	3
3665	5
3666	5
3667	2
3668	5
3669	1
3670	4
3671	2
3672	2
3673	3
3674	3
3675	1
3676	3
3677	3
3678	3
3679	4
3680	4
3681	1
3682	4
3683	5
3684	3
3685	2
3686	5
3687	1
3688	2
3689	4
3690	5
3691	2
3692	5
3693	2
3694	2
3695	5
3696	5
3697	1
3698	2
3699	5
3700	1
3701	5
3702	3
3703	4
3704	4
3705	4
3706	3
3707	1
3708	1
3709	2
3710	2
3711	4
3712	3
3713	1
3714	5
3715	2
3716	4
3717	3
3718	4
3719	4
3720	4
3721	4
3722	2
3723	2
3724	1
3725	1
3726	4
3727	2
3728	1
3729	5
3730	5
3731	2
3732	2
3733	3
3734	3
3735	4
3736	2
3737	2
3738	5
3739	5
3740	1
3741	5
3742	4
3743	5
3744	1
3745	5
3746	4
3747	4
3748	2
3749	4
3750	3
3751	2
3752	4
3753	2
3754	3
3755	2
3756	3
3757	5
3758	2
3759	1
3760	5
3761	5
3762	1
3763	2
3764	2
3765	2
3766	2
3767	5
3768	2
3769	4
3770	4
3771	3
3772	4
3773	1
3774	5
3775	3
3776	1
3777	4
3778	3
3779	4
3780	4
3781	2
3782	4
3783	3
3784	5
3785	2
3786	4
3787	4
3788	1
3789	3
3790	5
3791	1
3792	4
3793	3
3794	4
3795	3
3796	3
3797	2
3798	3
3799	1
3800	4
3801	4
3802	4
3803	4
3804	3
3805	2
3806	5
3807	5
3808	2
3809	2
3810	4
3811	4
3812	4
3813	2
3814	1
3815	3
3816	1
3817	1
3818	4
3819	2
3820	3
3821	1
3822	3
3823	2
3824	1
3825	2
3826	5
3827	2
3828	3
3829	3
3830	4
3831	2
3832	5
3833	1
3834	2
3835	5
3836	4
3837	4
3838	5
3839	5
3840	5
3841	3
3842	3
3843	3
3844	4
3845	3
3846	4
3847	1
3848	4
3849	2
3850	4
3851	3
3852	3
3853	3
3854	3
3855	4
3856	5
3857	4
3858	5
3859	5
3860	2
3861	4
3862	5
3863	1
3864	2
3865	2
3866	3
3867	2
3868	2
3869	2
3870	3
3871	4
3872	5
3873	4
3874	5
3875	1
3876	2
3877	2
3878	5
3879	1
3880	2
3881	2
3882	1
3883	5
3884	2
3885	4
3886	4
3887	5
3888	4
3889	4
3890	3
3891	4
3892	5
3893	3
3894	5
3895	5
3896	3
3897	5
3898	5
3899	1
3900	2
3901	2
3902	5
3903	3
3904	1
3905	3
3906	1
3907	5
3908	4
3909	3
3910	3
3911	2
3912	1
3913	5
3914	4
3915	5
3916	1
3917	4
3918	2
3919	4
3920	2
3921	3
3922	3
3923	4
3924	4
3925	2
3926	4
3927	2
3928	2
3929	5
3930	2
3931	1
3932	5
3933	3
3934	5
3935	3
3936	1
3937	5
3938	1
3939	5
3940	5
3941	4
3942	1
3943	3
3944	2
3945	4
3946	2
3947	2
3948	4
3949	4
3950	4
3951	5
3952	2
3953	2
3954	5
3955	4
3956	1
3957	5
3958	5
3959	4
3960	4
3961	2
3962	5
3963	1
3964	3
3965	1
3966	5
3967	5
3968	5
3969	3
3970	4
3971	2
3972	2
3973	2
3974	1
3975	1
3976	3
3977	2
3978	1
3979	2
3980	5
3981	1
3982	3
3983	3
3984	2
3985	1
3986	2
3987	4
3988	2
3989	2
3990	4
3991	1
3992	4
3993	1
3994	5
3995	1
3996	1
3997	3
3998	4
3999	5
4000	2
4001	2
4002	3
4003	2
4004	1
4005	2
4006	5
4007	4
4008	4
4009	4
4010	4
4011	5
4012	4
4013	5
4014	1
4015	2
4016	3
4017	1
4018	5
4019	4
4020	2
4021	3
4022	1
4023	5
4024	2
4025	2
4026	3
4027	5
4028	5
4029	4
4030	4
4031	4
4032	1
4033	3
4034	1
4035	5
4036	3
4037	1
4038	2
4039	5
4040	3
4041	1
4042	3
4043	3
4044	3
4045	5
4046	3
4047	2
4048	1
4049	1
4050	1
4051	3
4052	1
4053	2
4054	5
4055	3
4056	1
4057	1
4058	1
4059	2
4060	2
4061	2
4062	2
4063	2
4064	1
4065	1
4066	5
4067	3
4068	1
4069	3
4070	3
4071	4
4072	4
4073	2
4074	5
4075	3
4076	3
4077	1
4078	2
4079	5
4080	4
4081	3
4082	3
4083	2
4084	1
4085	1
4086	4
4087	3
4088	1
4089	4
4090	3
4091	5
4092	4
4093	5
4094	2
4095	5
4096	2
4097	5
4098	5
4099	2
4100	5
4101	4
4102	5
4103	3
4104	5
4105	4
4106	1
4107	1
4108	4
4109	4
4110	2
4111	5
4112	5
4113	4
4114	1
4115	3
4116	5
4117	3
4118	2
4119	1
4120	5
4121	4
4122	2
4123	4
4124	5
4125	5
4126	3
4127	2
4128	4
4129	1
4130	2
4131	4
4132	3
4133	2
4134	4
4135	5
4136	1
4137	4
4138	3
4139	1
4140	4
4141	2
4142	1
4143	5
4144	4
4145	4
4146	5
4147	3
4148	2
4149	4
4150	3
4151	5
4152	2
4153	4
4154	2
4155	1
4156	1
4157	5
4158	1
4159	2
4160	3
4161	3
4162	3
4163	1
4164	3
4165	3
4166	2
4167	3
4168	4
4169	4
4170	5
4171	4
4172	2
4173	2
4174	3
4175	3
4176	3
4177	3
4178	2
4179	2
4180	2
4181	2
4182	4
4183	2
4184	1
4185	3
4186	2
4187	3
4188	5
4189	5
4190	3
4191	4
4192	3
4193	4
4194	4
4195	5
4196	1
4197	3
4198	2
4199	2
4200	3
4201	1
4202	1
4203	3
4204	3
4205	2
4206	5
4207	2
4208	3
4209	4
4210	4
4211	3
4212	4
4213	5
4214	2
4215	4
4216	1
4217	5
4218	5
4219	1
4220	3
4221	1
4222	4
4223	1
4224	1
4225	4
4226	1
4227	5
4228	4
4229	3
4230	3
4231	4
4232	2
4233	2
4234	4
4235	4
4236	3
4237	3
4238	5
4239	4
4240	1
4241	3
4242	1
4243	2
4244	3
4245	2
4246	2
4247	1
4248	5
4249	2
4250	2
4251	1
4252	3
4253	2
4254	3
4255	3
4256	1
4257	3
4258	1
4259	4
4260	2
4261	1
4262	5
4263	5
4264	3
4265	5
4266	5
4267	4
4268	3
4269	5
4270	1
4271	4
4272	5
4273	2
4274	2
4275	3
4276	4
4277	3
4278	1
4279	2
4280	3
4281	5
4282	3
4283	1
4284	5
4285	5
4286	5
4287	3
4288	4
4289	1
4290	3
4291	1
4292	5
4293	4
4294	1
4295	5
4296	2
4297	5
4298	1
4299	3
4300	3
4301	2
4302	4
4303	1
4304	3
4305	2
4306	1
4307	2
4308	2
4309	1
4310	3
4311	2
4312	2
4313	5
4314	5
4315	4
4316	1
4317	1
4318	3
4319	4
4320	4
4321	4
4322	4
4323	2
4324	3
4325	2
4326	2
4327	3
4328	2
4329	5
4330	5
4331	5
4332	4
4333	2
4334	2
4335	2
4336	3
4337	4
4338	5
4339	1
4340	5
4341	3
4342	2
4343	3
4344	1
4345	5
4346	5
4347	2
4348	2
4349	4
4350	5
4351	2
4352	2
4353	3
4354	2
4355	5
4356	5
4357	4
4358	1
4359	3
4360	1
4361	5
4362	4
4363	3
4364	3
4365	4
4366	4
4367	2
4368	5
4369	4
4370	4
4371	2
4372	4
4373	2
4374	1
4375	2
4376	1
4377	3
4378	4
4379	5
4380	1
4381	1
4382	5
4383	2
4384	5
4385	5
4386	2
4387	1
4388	2
4389	2
4390	4
4391	4
4392	5
4393	1
4394	4
4395	3
4396	1
4397	1
4398	4
4399	4
4400	2
4401	4
4402	3
4403	3
4404	3
4405	3
4406	5
4407	1
4408	1
4409	4
4410	3
4411	1
4412	1
4413	5
4414	1
4415	2
4416	2
4417	4
4418	5
4419	1
4420	1
4421	5
4422	3
4423	3
4424	5
4425	2
4426	5
4427	5
4428	2
4429	3
4430	1
4431	4
4432	4
4433	1
4434	3
4435	5
4436	4
4437	1
4438	5
4439	3
4440	1
4441	2
4442	2
4443	2
4444	5
4445	5
4446	1
4447	5
4448	5
4449	3
4450	4
4451	3
4452	2
4453	3
4454	2
4455	5
4456	4
4457	5
4458	1
4459	1
4460	3
4461	3
4462	3
4463	3
4464	5
4465	2
4466	4
4467	1
4468	1
4469	3
4470	1
4471	2
4472	3
4473	5
4474	3
4475	4
4476	5
4477	5
4478	1
4479	5
4480	1
4481	5
4482	5
4483	5
4484	1
4485	5
4486	4
4487	3
4488	1
4489	4
4490	4
4491	2
4492	4
4493	5
4494	2
4495	4
4496	2
4497	4
4498	3
4499	2
4500	3
4501	2
4502	3
4503	2
4504	4
4505	3
4506	4
4507	1
4508	2
4509	2
4510	1
4511	1
4512	5
4513	1
4514	5
4515	1
4516	2
4517	3
4518	2
4519	4
4520	1
4521	5
4522	3
4523	4
4524	3
4525	1
4526	4
4527	5
4528	1
4529	5
4530	1
4531	4
4532	2
4533	5
4534	2
4535	5
4536	3
4537	3
4538	2
4539	1
4540	5
4541	4
4542	2
4543	1
4544	4
4545	4
4546	2
4547	3
4548	2
4549	3
4550	1
4551	2
4552	4
4553	3
4554	1
4555	3
4556	3
4557	3
4558	1
4559	1
4560	2
4561	1
4562	5
4563	4
4564	1
4565	2
4566	3
4567	4
4568	4
4569	5
4570	5
4571	1
4572	3
4573	3
4574	3
4575	1
4576	1
4577	3
4578	3
4579	1
4580	1
4581	2
4582	4
4583	2
4584	2
4585	1
4586	5
4587	5
4588	1
4589	4
4590	2
4591	1
4592	1
4593	3
4594	3
4595	3
4596	2
4597	4
4598	5
4599	3
4600	1
4601	3
4602	4
4603	4
4604	1
4605	4
4606	2
4607	1
4608	1
4609	4
4610	4
4611	3
4612	1
4613	3
4614	4
4615	2
4616	1
4617	5
4618	1
4619	4
4620	3
4621	1
4622	4
4623	1
4624	2
4625	5
4626	2
4627	3
4628	3
4629	2
4630	4
4631	5
4632	5
4633	4
4634	3
4635	1
4636	4
4637	3
4638	3
4639	4
4640	3
4641	5
4642	4
4643	3
4644	5
4645	4
4646	3
4647	4
4648	3
4649	4
4650	3
4651	3
4652	4
4653	2
4654	3
4655	5
4656	2
4657	1
4658	2
4659	1
4660	4
4661	5
4662	5
4663	2
4664	1
4665	3
4666	4
4667	5
4668	2
4669	3
4670	4
4671	5
4672	4
4673	1
4674	5
4675	3
4676	5
4677	5
4678	5
4679	2
4680	5
4681	4
4682	2
4683	3
4684	5
4685	3
4686	5
4687	5
4688	3
4689	4
4690	1
4691	5
4692	4
4693	1
4694	4
4695	2
4696	4
4697	3
4698	2
4699	2
4700	3
4701	1
4702	5
4703	5
4704	2
4705	5
4706	4
4707	1
4708	3
4709	1
4710	3
4711	5
4712	1
4713	2
4714	3
4715	2
4716	1
4717	1
4718	5
4719	3
4720	4
4721	3
4722	4
4723	3
4724	4
4725	3
4726	3
4727	4
4728	5
4729	4
4730	1
4731	2
4732	1
4733	4
4734	2
4735	3
4736	1
4737	5
4738	2
4739	4
4740	4
4741	5
4742	2
4743	4
4744	1
4745	2
4746	3
4747	4
4748	5
4749	2
4750	2
4751	2
4752	3
4753	5
4754	2
4755	5
4756	4
4757	5
4758	1
4759	1
4760	1
4761	3
4762	3
4763	4
4764	1
4765	3
4766	5
4767	3
4768	5
4769	5
4770	5
4771	4
4772	3
4773	2
4774	3
4775	4
4776	4
4777	5
4778	1
4779	1
4780	4
4781	2
4782	5
4783	5
4784	1
4785	1
4786	5
4787	3
4788	2
4789	5
4790	2
4791	1
4792	3
4793	1
4794	2
4795	4
4796	5
4797	1
4798	5
4799	5
4800	4
4801	2
4802	1
4803	5
4804	1
4805	5
4806	3
4807	1
4808	3
4809	5
4810	4
4811	1
4812	3
4813	2
4814	4
4815	1
4816	5
4817	5
4818	3
4819	1
4820	3
4821	2
4822	2
4823	2
4824	2
4825	3
4826	3
4827	4
4828	1
4829	4
4830	4
4831	2
4832	4
4833	3
4834	3
4835	3
4836	5
4837	1
4838	5
4839	2
4840	4
4841	3
4842	1
4843	1
4844	3
4845	3
4846	1
4847	2
4848	1
4849	3
4850	3
4851	1
4852	4
4853	2
4854	4
4855	3
4856	5
4857	4
4858	1
4859	4
4860	3
4861	4
4862	5
4863	5
4864	1
4865	3
4866	3
4867	1
4868	4
4869	2
4870	2
4871	1
4872	2
4873	4
4874	5
4875	2
4876	2
4877	2
4878	4
4879	1
4880	2
4881	5
4882	2
4883	2
4884	1
4885	5
4886	2
4887	1
4888	4
4889	2
4890	3
4891	1
4892	1
4893	3
4894	3
4895	3
4896	1
4897	1
4898	5
4899	5
4900	3
4901	5
4902	3
4903	4
4904	5
4905	1
4906	2
4907	3
4908	5
4909	2
4910	5
4911	4
4912	3
4913	2
4914	1
4915	3
4916	4
4917	4
4918	4
4919	1
4920	4
4921	3
4922	1
4923	1
4924	2
4925	4
4926	3
4927	4
4928	2
4929	1
4930	1
4931	4
4932	1
4933	1
4934	5
4935	4
4936	2
4937	4
4938	4
4939	1
4940	3
4941	1
4942	5
4943	1
4944	1
4945	3
4946	2
4947	2
4948	1
4949	3
4950	1
4951	5
4952	1
4953	2
4954	4
4955	5
4956	3
4957	1
4958	4
4959	4
4960	2
4961	2
4962	3
4963	4
4964	4
4965	5
4966	3
4967	5
4968	2
4969	5
4970	2
4971	1
4972	4
4973	3
4974	4
4975	5
4976	1
4977	3
4978	2
4979	2
4980	4
4981	3
4982	2
4983	4
4984	5
4985	2
4986	1
4987	5
4988	4
4989	2
4990	1
4991	4
4992	3
4993	5
4994	2
4995	1
4996	5
4997	5
4998	3
4999	2
5000	2
5001	5
5002	2
5003	3
5004	3
5005	4
5006	1
5007	5
5008	2
5009	4
5010	5
5011	3
5012	5
5013	1
5014	5
5015	5
5016	5
5017	1
5018	4
5019	4
5020	5
5021	2
5022	5
5023	4
5024	3
5025	3
5026	3
5027	4
5028	4
5029	2
5030	3
5031	5
5032	5
5033	5
5034	3
5035	1
5036	3
5037	1
5038	1
5039	4
5040	2
5041	2
5042	2
5043	2
5044	4
5045	5
5046	3
5047	2
5048	3
5049	2
5050	4
5051	2
5052	2
5053	5
5054	5
5055	3
5056	2
5057	5
5058	1
5059	1
5060	5
5061	3
5062	1
5063	2
5064	4
5065	4
5066	5
5067	3
5068	4
5069	2
5070	4
5071	5
5072	2
5073	5
5074	3
5075	1
5076	3
5077	3
5078	4
5079	5
5080	1
5081	5
5082	4
5083	3
5084	1
5085	1
5086	3
5087	3
5088	2
5089	3
5090	1
5091	1
5092	3
5093	1
5094	1
5095	5
5096	5
5097	1
5098	1
5099	2
5100	2
5101	5
5102	1
5103	1
5104	5
5105	2
5106	1
5107	4
5108	1
5109	2
5110	3
5111	3
5112	5
5113	5
5114	5
5115	5
5116	1
5117	5
5118	2
5119	5
5120	1
5121	2
5122	5
5123	2
5124	5
5125	5
5126	4
5127	4
5128	3
5129	4
5130	1
5131	1
5132	2
5133	2
5134	5
5135	4
5136	5
5137	4
5138	3
5139	5
5140	5
5141	2
5142	1
5143	3
5144	4
5145	3
5146	5
5147	5
5148	1
5149	2
5150	5
5151	3
5152	1
5153	3
5154	2
5155	5
5156	1
5157	4
5158	4
5159	2
5160	1
5161	1
5162	2
5163	3
5164	3
5165	4
5166	3
5167	1
5168	2
5169	1
5170	2
5171	4
5172	3
5173	5
5174	4
5175	1
5176	3
5177	4
5178	1
5179	4
5180	2
5181	2
5182	3
5183	2
5184	4
5185	5
5186	5
5187	2
5188	3
5189	5
5190	3
5191	5
5192	2
5193	5
5194	4
5195	2
5196	2
5197	4
5198	2
5199	5
5200	3
5201	3
5202	3
5203	2
5204	1
5205	5
5206	4
5207	3
5208	5
5209	3
5210	2
5211	3
5212	1
5213	4
5214	3
5215	4
5216	1
5217	4
5218	3
5219	3
5220	3
5221	5
5222	2
5223	5
5224	2
5225	2
5226	2
5227	3
5228	3
5229	5
5230	1
5231	3
5232	4
5233	4
5234	2
5235	1
5236	4
5237	2
5238	2
5239	2
5240	1
5241	2
5242	5
5243	1
5244	2
5245	4
5246	2
5247	4
5248	3
5249	4
5250	3
5251	5
5252	2
5253	1
5254	1
5255	1
5256	1
5257	1
5258	4
5259	1
5260	1
5261	4
5262	2
5263	3
5264	5
5265	5
5266	5
5267	1
5268	4
5269	3
5270	5
5271	2
5272	2
5273	5
5274	4
5275	1
5276	5
5277	5
5278	4
5279	4
5280	5
5281	2
5282	4
5283	3
5284	3
5285	2
5286	3
5287	4
5288	2
5289	4
5290	4
5291	5
5292	4
5293	4
5294	2
5295	3
5296	2
5297	3
5298	2
5299	1
5300	3
5301	4
5302	5
5303	3
5304	4
5305	2
5306	5
5307	5
5308	3
5309	5
5310	4
5311	1
5312	5
5313	4
5314	5
5315	5
5316	1
5317	2
5318	1
5319	1
5320	5
5321	2
5322	3
5323	4
5324	3
5325	2
5326	2
5327	3
5328	2
5329	5
5330	1
5331	3
5332	2
5333	5
5334	3
5335	4
5336	1
5337	5
5338	3
5339	4
5340	5
5341	1
5342	5
5343	5
5344	1
5345	5
5346	2
5347	2
5348	5
5349	5
5350	1
5351	2
5352	5
5353	1
5354	3
5355	1
5356	2
5357	2
5358	4
5359	4
5360	5
5361	2
5362	3
5363	4
5364	2
5365	4
5366	3
5367	4
5368	2
5369	1
5370	2
5371	4
5372	5
5373	3
5374	2
5375	1
5376	3
5377	2
5378	3
5379	1
5380	3
5381	2
5382	4
5383	3
5384	1
5385	4
5386	4
5387	5
5388	5
5389	5
5390	4
5391	1
5392	5
5393	1
5394	4
5395	2
5396	3
5397	5
5398	4
5399	3
5400	2
5401	1
5402	3
5403	5
5404	3
5405	5
5406	1
5407	1
5408	4
5409	2
5410	5
5411	5
5412	4
5413	5
5414	4
5415	2
5416	4
5417	2
5418	1
5419	4
5420	1
5421	4
5422	1
5423	4
5424	4
5425	5
5426	5
5427	3
5428	4
5429	3
5430	3
5431	3
5432	4
5433	4
5434	2
5435	1
5436	2
5437	1
5438	2
5439	1
5440	4
5441	4
5442	5
5443	2
5444	3
5445	1
5446	3
5447	4
5448	4
5449	3
5450	4
5451	4
5452	4
5453	2
5454	2
5455	1
5456	1
5457	3
5458	5
5459	5
5460	1
5461	2
5462	4
5463	5
5464	1
5465	3
5466	2
5467	2
5468	2
5469	3
5470	3
5471	2
5472	5
5473	4
5474	2
5475	4
5476	3
5477	3
5478	1
5479	4
5480	5
5481	5
5482	4
5483	2
5484	2
5485	3
5486	3
5487	2
5488	3
5489	4
5490	2
5491	3
5492	2
5493	1
5494	5
5495	5
5496	2
5497	4
5498	1
5499	5
5500	2
5501	1
5502	5
5503	4
5504	1
5505	4
5506	2
5507	4
5508	1
5509	3
5510	2
5511	3
5512	2
5513	1
5514	2
5515	1
5516	1
5517	5
5518	2
5519	2
5520	3
5521	4
5522	1
5523	2
5524	1
5525	4
5526	4
5527	4
5528	1
5529	3
5530	3
5531	3
5532	5
5533	2
5534	4
5535	5
5536	2
5537	3
5538	5
5539	4
5540	5
5541	2
5542	3
5543	3
5544	3
5545	5
5546	5
5547	4
5548	1
5549	4
5550	2
5551	5
5552	5
5553	4
5554	1
5555	4
5556	4
5557	3
5558	3
5559	3
5560	2
5561	3
5562	4
5563	2
5564	3
5565	3
5566	3
5567	4
5568	1
5569	5
5570	1
5571	3
5572	1
5573	4
5574	5
5575	1
5576	2
5577	3
5578	2
5579	1
5580	1
5581	1
5582	2
5583	3
5584	2
5585	5
5586	3
5587	4
5588	4
5589	1
5590	1
5591	3
5592	1
5593	5
5594	2
5595	2
5596	5
5597	3
5598	1
5599	2
5600	1
5601	3
5602	1
5603	4
5604	4
5605	4
5606	3
5607	2
5608	3
5609	1
5610	5
5611	5
5612	2
5613	3
5614	4
5615	3
5616	4
5617	2
5618	1
5619	5
5620	3
5621	5
5622	5
5623	4
5624	1
5625	2
5626	2
5627	5
5628	4
5629	5
5630	3
5631	5
5632	3
5633	5
5634	2
5635	2
5636	3
5637	2
5638	3
5639	1
5640	4
5641	5
5642	1
5643	2
5644	3
5645	1
5646	4
5647	1
5648	1
5649	4
5650	4
5651	3
5652	4
5653	1
5654	5
5655	5
5656	4
5657	4
5658	4
5659	2
5660	3
5661	3
5662	3
5663	1
5664	3
5665	4
5666	5
5667	2
5668	4
5669	2
5670	2
5671	3
5672	2
5673	3
5674	2
5675	2
5676	1
5677	5
5678	1
5679	1
5680	4
5681	4
5682	1
5683	3
5684	1
5685	2
5686	1
5687	2
5688	1
5689	3
5690	4
5691	5
5692	5
5693	2
5694	5
5695	1
5696	3
5697	5
5698	5
5699	5
5700	1
5701	1
5702	4
5703	1
5704	1
5705	4
5706	2
5707	4
5708	3
5709	5
5710	4
5711	3
5712	4
5713	2
5714	1
5715	5
5716	3
5717	4
5718	4
5719	2
5720	1
5721	2
5722	4
5723	4
5724	1
5725	2
5726	1
5727	1
5728	2
5729	2
5730	1
5731	2
5732	1
5733	4
5734	3
5735	4
5736	5
5737	1
5738	4
5739	4
5740	5
5741	2
5742	5
5743	2
5744	1
5745	3
5746	2
5747	2
5748	2
5749	5
5750	5
5751	1
5752	5
5753	4
5754	3
5755	2
5756	3
5757	5
5758	1
5759	4
5760	5
5761	1
5762	2
5763	2
5764	2
5765	4
5766	1
5767	1
5768	4
5769	3
5770	1
5771	4
5772	1
5773	5
5774	2
5775	1
5776	3
5777	2
5778	1
5779	3
5780	5
5781	2
5782	3
5783	5
5784	1
5785	2
5786	3
5787	4
5788	5
5789	2
5790	3
5791	2
5792	5
5793	2
5794	5
5795	1
5796	2
5797	5
5798	1
5799	3
5800	5
5801	3
5802	3
5803	5
5804	4
5805	3
5806	5
5807	3
5808	5
5809	3
5810	2
5811	5
5812	2
5813	3
5814	3
5815	2
5816	1
5817	4
5818	3
5819	3
5820	1
5821	3
5822	4
5823	1
5824	4
5825	3
5826	2
5827	4
5828	3
5829	1
5830	4
5831	5
5832	4
5833	5
5834	3
5835	3
5836	3
5837	2
5838	3
5839	1
5840	5
5841	1
5842	1
5843	5
5844	2
5845	1
5846	4
5847	5
5848	1
5849	1
5850	1
5851	1
5852	4
5853	2
5854	4
5855	4
5856	1
5857	1
5858	4
5859	2
5860	1
5861	2
5862	1
5863	5
5864	5
5865	4
5866	2
5867	4
5868	4
5869	5
5870	1
5871	4
5872	1
5873	1
5874	4
5875	3
5876	2
5877	1
5878	2
5879	3
5880	1
5881	2
5882	5
5883	5
5884	2
5885	3
5886	3
5887	4
5888	3
5889	4
5890	1
5891	3
5892	1
5893	1
5894	3
5895	1
5896	4
5897	4
5898	5
5899	1
5900	1
5901	4
5902	1
5903	5
5904	3
5905	5
5906	3
5907	5
5908	5
5909	1
5910	3
5911	4
5912	4
5913	1
5914	1
5915	1
5916	1
5917	3
5918	5
5919	4
5920	5
5921	1
5922	1
5923	4
5924	5
5925	1
5926	4
5927	4
5928	3
5929	5
5930	4
5931	2
5932	1
5933	2
5934	2
5935	1
5936	4
5937	2
5938	1
5939	1
5940	5
5941	3
5942	4
5943	2
5944	1
5945	1
5946	2
5947	4
5948	4
5949	4
5950	3
5951	2
5952	1
5953	2
5954	5
5955	4
5956	5
5957	3
5958	2
5959	1
5960	3
5961	4
5962	5
5963	5
5964	5
5965	4
5966	3
5967	4
5968	2
5969	1
5970	2
5971	2
5972	4
5973	4
5974	5
5975	4
5976	1
5977	5
5978	3
5979	3
5980	1
5981	5
5982	4
5983	5
5984	2
5985	3
5986	1
5987	3
5988	3
5989	2
5990	1
5991	3
5992	4
5993	5
5994	4
5995	1
5996	2
5997	5
5998	2
5999	2
6000	4
6001	4
6002	4
6003	5
6004	5
6005	5
6006	5
6007	4
6008	2
6009	2
6010	1
6011	1
6012	4
6013	3
6014	1
6015	3
6016	5
6017	2
6018	4
6019	2
6020	3
6021	2
6022	1
6023	2
6024	4
6025	4
6026	3
6027	2
6028	2
6029	3
6030	5
6031	3
6032	2
6033	5
6034	3
6035	2
6036	2
6037	4
6038	2
6039	4
6040	5
6041	1
6042	1
6043	3
6044	1
6045	2
6046	4
6047	1
6048	1
6049	2
6050	2
6051	1
6052	3
6053	4
6054	2
6055	1
6056	2
6057	1
6058	2
6059	2
6060	4
6061	2
6062	3
6063	1
6064	5
6065	5
6066	3
6067	3
6068	1
6069	5
6070	2
6071	3
6072	2
6073	2
6074	1
6075	4
6076	2
6077	5
6078	4
6079	3
6080	2
6081	3
6082	1
6083	2
6084	2
6085	1
6086	2
6087	3
6088	1
6089	1
6090	5
6091	3
6092	2
6093	5
6094	3
6095	5
6096	1
6097	5
6098	5
6099	5
6100	3
6101	4
6102	1
6103	3
6104	3
6105	2
6106	3
6107	1
6108	1
6109	1
6110	3
6111	5
6112	5
6113	1
6114	5
6115	2
6116	4
6117	5
6118	4
6119	2
6120	4
6121	2
6122	1
6123	2
6124	1
6125	1
6126	2
6127	2
6128	4
6129	2
6130	1
6131	3
6132	3
6133	2
6134	2
6135	3
6136	1
6137	1
6138	4
6139	5
6140	2
6141	1
6142	2
6143	3
6144	2
6145	4
6146	3
6147	5
6148	2
6149	5
6150	4
6151	5
6152	5
6153	3
6154	1
6155	5
6156	1
6157	5
6158	4
6159	2
6160	3
6161	1
6162	3
6163	3
6164	1
6165	4
6166	1
6167	3
6168	3
6169	2
6170	2
6171	3
6172	2
6173	2
6174	4
6175	3
6176	1
6177	2
6178	5
6179	2
6180	3
6181	5
6182	4
6183	2
6184	2
6185	1
6186	1
6187	1
6188	3
6189	2
6190	5
6191	4
6192	4
6193	5
6194	4
6195	1
6196	1
6197	2
6198	4
6199	5
6200	1
6201	4
6202	3
6203	5
6204	3
6205	5
6206	4
6207	5
6208	3
6209	2
6210	5
6211	2
6212	4
6213	1
6214	1
6215	4
6216	4
6217	2
6218	3
6219	2
6220	4
6221	3
6222	3
6223	3
6224	1
6225	1
6226	2
6227	5
6228	4
6229	3
6230	5
6231	4
6232	3
6233	2
6234	2
6235	3
6236	4
6237	5
6238	5
6239	4
6240	2
6241	3
6242	4
6243	4
6244	4
6245	1
6246	4
6247	5
6248	3
6249	4
6250	3
6251	1
6252	1
6253	1
6254	2
6255	4
6256	2
6257	5
6258	5
6259	4
6260	4
6261	1
6262	5
6263	2
6264	4
6265	4
6266	1
6267	4
6268	1
6269	2
6270	3
6271	1
6272	2
6273	3
6274	1
6275	1
6276	1
6277	3
6278	1
6279	3
6280	1
6281	2
6282	2
6283	4
6284	4
6285	3
6286	5
6287	5
6288	4
6289	3
6290	1
6291	2
6292	4
6293	5
6294	4
6295	3
6296	5
6297	3
6298	2
6299	4
6300	3
6301	2
6302	4
6303	5
6304	4
6305	3
6306	2
6307	2
6308	5
6309	1
6310	4
6311	4
6312	3
6313	4
6314	1
6315	3
6316	2
6317	4
6318	3
6319	4
6320	3
6321	2
6322	4
6323	3
6324	4
6325	5
6326	3
6327	1
6328	3
6329	2
6330	1
6331	2
6332	4
6333	3
6334	2
6335	3
6336	5
6337	1
6338	2
6339	2
6340	4
6341	3
6342	1
6343	4
6344	5
6345	5
6346	3
6347	3
6348	1
6349	1
6350	2
6351	4
6352	3
6353	5
6354	5
6355	2
6356	1
6357	2
6358	3
6359	5
6360	4
6361	1
6362	3
6363	1
6364	4
6365	4
6366	2
6367	5
6368	4
6369	2
6370	4
6371	4
6372	5
6373	5
6374	3
6375	5
6376	5
6377	5
6378	2
6379	2
6380	1
6381	4
6382	2
6383	1
6384	3
6385	4
6386	4
6387	2
6388	2
6389	5
6390	1
6391	1
6392	5
6393	3
6394	2
6395	1
6396	4
6397	4
6398	4
6399	2
6400	3
6401	3
6402	3
6403	5
6404	5
6405	1
6406	2
6407	5
6408	4
6409	4
6410	3
6411	3
6412	3
6413	2
6414	3
6415	1
6416	4
6417	2
6418	3
6419	5
6420	4
6421	4
6422	2
6423	3
6424	3
6425	1
6426	5
6427	5
6428	1
6429	2
6430	1
6431	1
6432	4
6433	3
6434	4
6435	2
6436	4
6437	2
6438	5
6439	2
6440	5
6441	4
6442	4
6443	3
6444	3
6445	4
6446	2
6447	3
6448	2
6449	3
6450	3
6451	4
6452	2
6453	2
6454	4
6455	1
6456	2
6457	2
6458	5
6459	1
6460	4
6461	3
6462	5
6463	1
6464	4
6465	2
6466	5
6467	2
6468	2
6469	5
6470	5
6471	1
6472	1
6473	1
6474	5
6475	1
6476	1
6477	5
6478	5
6479	4
6480	4
6481	2
6482	4
6483	5
6484	4
6485	1
6486	3
6487	5
6488	1
6489	4
6490	1
6491	4
6492	3
6493	2
6494	4
6495	5
6496	5
6497	4
6498	2
6499	2
6500	5
6501	3
6502	5
6503	3
6504	4
6505	1
6506	1
6507	3
6508	4
6509	1
6510	2
6511	5
6512	5
6513	4
6514	3
6515	2
6516	3
6517	2
6518	5
6519	5
6520	3
6521	5
6522	4
6523	3
6524	4
6525	4
6526	3
6527	4
6528	5
6529	5
6530	4
6531	2
6532	4
6533	3
6534	3
6535	2
6536	2
6537	5
6538	2
6539	1
6540	1
6541	5
6542	3
6543	3
6544	2
6545	3
6546	1
6547	3
6548	4
6549	5
6550	4
6551	4
6552	1
6553	1
6554	1
6555	5
6556	1
6557	1
6558	1
6559	1
6560	5
6561	3
6562	4
6563	2
6564	1
6565	5
6566	5
6567	3
6568	5
6569	2
6570	3
6571	2
6572	5
6573	1
6574	3
6575	5
6576	3
6577	2
6578	2
6579	5
6580	4
6581	5
6582	4
6583	2
6584	1
6585	4
6586	5
6587	2
6588	4
6589	5
6590	4
6591	3
6592	4
6593	1
6594	4
6595	2
6596	4
6597	2
6598	4
6599	1
6600	1
6601	5
6602	5
6603	5
6604	1
6605	3
6606	3
6607	2
6608	5
6609	1
6610	1
6611	1
6612	3
6613	3
6614	5
6615	3
6616	1
6617	1
6618	4
6619	1
6620	4
6621	1
6622	4
6623	3
6624	5
6625	4
6626	1
6627	5
6628	1
6629	3
6630	5
6631	5
6632	2
6633	3
6634	4
6635	1
6636	4
6637	1
6638	5
6639	5
6640	3
6641	2
6642	5
6643	2
6644	3
6645	4
6646	1
6647	2
6648	1
6649	4
6650	2
6651	5
6652	1
6653	4
6654	5
6655	3
6656	1
6657	3
6658	2
6659	3
6660	5
6661	3
6662	2
6663	2
6664	1
6665	3
6666	5
6667	1
6668	4
6669	3
6670	4
6671	3
6672	4
6673	1
6674	5
6675	5
6676	2
6677	4
6678	4
6679	1
6680	3
6681	1
6682	1
6683	5
6684	4
6685	5
6686	2
6687	3
6688	4
6689	3
6690	2
6691	4
6692	5
6693	4
6694	5
6695	5
6696	3
6697	5
6698	2
6699	2
6700	2
6701	3
6702	4
6703	2
6704	5
6705	4
6706	5
6707	3
6708	5
6709	1
6710	2
6711	5
6712	4
6713	5
6714	1
6715	5
6716	2
6717	4
6718	1
6719	1
6720	5
6721	5
6722	2
6723	5
6724	4
6725	4
6726	1
6727	3
6728	5
6729	1
6730	1
6731	5
6732	1
6733	3
6734	2
6735	4
6736	1
6737	1
6738	3
6739	5
6740	3
6741	4
6742	2
6743	4
6744	4
6745	5
6746	3
6747	3
6748	2
6749	2
6750	3
6751	4
6752	5
6753	4
6754	2
6755	1
6756	3
6757	2
6758	5
6759	1
6760	5
6761	2
6762	2
6763	1
6764	2
6765	4
6766	1
6767	3
6768	2
6769	1
6770	5
6771	5
6772	4
6773	1
6774	4
6775	1
6776	1
6777	2
6778	4
6779	4
6780	2
6781	1
6782	5
6783	1
6784	5
6785	4
6786	1
6787	2
6788	2
6789	3
6790	3
6791	3
6792	4
6793	2
6794	5
6795	5
6796	5
6797	4
6798	1
6799	3
6800	3
6801	4
6802	5
6803	3
6804	1
6805	1
6806	5
6807	1
6808	3
6809	3
6810	2
6811	5
6812	3
6813	2
6814	5
6815	4
6816	5
6817	3
6818	2
6819	1
6820	2
6821	2
6822	3
6823	4
6824	2
6825	2
6826	5
6827	4
6828	2
6829	3
6830	5
6831	1
6832	3
6833	1
6834	5
6835	1
6836	3
6837	2
6838	3
6839	3
6840	2
6841	4
6842	3
6843	1
6844	1
6845	1
6846	1
6847	5
6848	5
6849	2
6850	5
6851	3
6852	1
6853	3
6854	5
6855	3
6856	1
6857	3
6858	4
6859	4
6860	5
6861	3
6862	4
6863	5
6864	4
6865	1
6866	2
6867	3
6868	4
6869	2
6870	4
6871	5
6872	5
6873	5
6874	4
6875	1
6876	3
6877	2
6878	3
6879	4
6880	5
6881	3
6882	5
6883	4
6884	1
6885	1
6886	3
6887	2
6888	3
6889	3
6890	3
6891	5
6892	3
6893	2
6894	1
6895	4
6896	5
6897	3
6898	3
6899	2
6900	4
6901	4
6902	2
6903	4
6904	1
6905	2
6906	1
6907	3
6908	4
6909	1
6910	1
6911	4
6912	1
6913	4
6914	2
6915	5
6916	3
6917	2
6918	3
6919	5
6920	5
6921	5
6922	4
6923	1
6924	1
6925	3
6926	2
6927	4
6928	5
6929	4
6930	2
6931	1
6932	4
6933	1
6934	4
6935	1
6936	4
6937	2
6938	3
6939	5
6940	5
6941	4
6942	3
6943	3
6944	3
6945	3
6946	3
6947	3
6948	3
6949	2
6950	1
6951	2
6952	4
6953	5
6954	3
6955	1
6956	3
6957	4
6958	3
6959	5
6960	1
6961	4
6962	4
6963	3
6964	4
6965	2
6966	1
6967	4
6968	2
6969	5
6970	4
6971	5
6972	2
6973	5
6974	3
6975	3
6976	4
6977	4
6978	1
6979	2
6980	1
6981	1
6982	1
6983	1
6984	1
6985	1
6986	5
6987	5
6988	3
6989	5
6990	1
6991	5
6992	4
6993	3
6994	4
6995	1
6996	1
6997	5
6998	3
6999	4
7000	4
7001	1
7002	3
7003	3
7004	1
7005	3
7006	5
7007	4
7008	2
7009	5
7010	4
7011	3
7012	3
7013	2
7014	3
7015	3
7016	4
7017	5
7018	2
7019	2
7020	5
7021	4
7022	3
7023	1
7024	2
7025	3
7026	1
7027	5
7028	1
7029	1
7030	2
7031	2
7032	5
7033	2
7034	1
7035	4
7036	4
7037	1
7038	4
7039	3
7040	2
7041	5
7042	2
7043	1
7044	2
7045	2
7046	3
7047	3
7048	2
7049	2
7050	2
7051	3
7052	2
7053	3
7054	1
7055	4
7056	2
7057	3
7058	2
7059	5
7060	4
7061	1
7062	5
7063	3
7064	2
7065	1
7066	1
7067	2
7068	4
7069	4
7070	1
7071	1
7072	1
7073	3
7074	3
7075	1
7076	1
7077	2
7078	3
7079	2
7080	2
7081	5
7082	2
7083	3
7084	5
7085	3
7086	1
7087	2
7088	1
7089	4
7090	5
7091	5
7092	5
7093	1
7094	5
7095	1
7096	2
7097	1
7098	4
7099	4
7100	2
7101	4
7102	4
7103	3
7104	3
7105	5
7106	3
7107	5
7108	3
7109	4
7110	3
7111	3
7112	3
7113	4
7114	2
7115	3
7116	3
7117	2
7118	3
7119	3
7120	3
7121	3
7122	2
7123	4
7124	3
7125	2
7126	3
7127	5
7128	3
7129	2
7130	3
7131	1
7132	3
7133	5
7134	1
7135	2
7136	1
7137	3
7138	2
7139	5
7140	5
7141	1
7142	4
7143	1
7144	3
7145	2
7146	3
7147	5
7148	4
7149	1
7150	2
7151	1
7152	5
7153	2
7154	1
7155	4
7156	2
7157	4
7158	3
7159	2
7160	5
7161	2
7162	2
7163	2
7164	3
7165	4
7166	2
7167	1
7168	4
7169	3
7170	2
7171	5
7172	1
7173	2
7174	4
7175	5
7176	1
7177	1
7178	4
7179	4
7180	5
7181	4
7182	1
7183	5
7184	2
7185	1
7186	3
7187	1
7188	5
7189	2
7190	4
7191	2
7192	3
7193	1
7194	4
7195	3
7196	3
7197	1
7198	5
7199	3
7200	2
7201	5
7202	5
7203	2
7204	4
7205	5
7206	1
7207	1
7208	3
7209	2
7210	1
7211	1
7212	5
7213	2
7214	2
7215	1
7216	4
7217	4
7218	3
7219	4
7220	2
7221	1
7222	5
7223	5
7224	3
7225	3
7226	3
7227	2
7228	3
7229	1
7230	4
7231	4
7232	3
7233	1
7234	4
7235	2
7236	3
7237	4
7238	4
7239	3
7240	3
7241	1
7242	3
7243	2
7244	1
7245	2
7246	1
7247	2
7248	5
7249	1
7250	5
7251	4
7252	1
7253	3
7254	4
7255	4
7256	1
7257	1
7258	2
7259	2
7260	5
7261	3
7262	4
7263	4
7264	1
7265	4
7266	5
7267	4
7268	4
7269	1
7270	4
7271	5
7272	3
7273	2
7274	4
7275	5
7276	5
7277	3
7278	2
7279	2
7280	3
7281	4
7282	3
7283	1
7284	3
7285	4
7286	4
7287	3
7288	4
7289	4
7290	4
7291	3
7292	1
7293	1
7294	1
7295	3
7296	1
7297	4
7298	3
7299	2
7300	2
7301	2
7302	2
7303	4
7304	3
7305	2
7306	5
7307	2
7308	1
7309	2
7310	4
7311	3
7312	4
7313	1
7314	1
7315	2
7316	1
7317	5
7318	1
7319	5
7320	2
7321	2
7322	1
7323	3
7324	2
7325	1
7326	2
7327	2
7328	4
7329	3
7330	3
7331	1
7332	5
7333	3
7334	4
7335	3
7336	5
7337	5
7338	4
7339	4
7340	5
7341	4
7342	1
7343	5
7344	2
7345	3
7346	4
7347	1
7348	5
7349	3
7350	1
7351	4
7352	5
7353	3
7354	1
7355	3
7356	1
7357	2
7358	4
7359	5
7360	4
7361	5
7362	2
7363	1
7364	3
7365	4
7366	5
7367	4
7368	1
7369	5
7370	4
7371	4
7372	3
7373	5
7374	2
7375	5
7376	3
7377	4
7378	3
7379	1
7380	4
7381	2
7382	2
7383	2
7384	5
7385	4
7386	2
7387	1
7388	2
7389	3
7390	2
7391	4
7392	5
7393	4
7394	4
7395	5
7396	3
7397	4
7398	5
7399	3
7400	1
7401	3
7402	1
7403	5
7404	3
7405	4
7406	2
7407	3
7408	3
7409	5
7410	3
7411	1
7412	2
7413	3
7414	1
7415	4
7416	4
7417	4
7418	1
7419	5
7420	4
7421	3
7422	3
7423	1
7424	3
7425	1
7426	2
7427	4
7428	1
7429	2
7430	2
7431	3
7432	2
7433	1
7434	5
7435	2
7436	1
7437	1
7438	5
7439	5
7440	4
7441	4
7442	5
7443	3
7444	2
7445	5
7446	2
7447	5
7448	1
7449	1
7450	3
7451	1
7452	1
7453	4
7454	1
7455	1
7456	1
7457	2
7458	5
7459	3
7460	1
7461	2
7462	3
7463	4
7464	1
7465	4
7466	2
7467	4
7468	2
7469	3
7470	5
7471	4
7472	5
7473	5
7474	5
7475	5
7476	3
7477	1
7478	1
7479	1
7480	5
7481	4
7482	3
7483	4
7484	4
7485	1
7486	1
7487	2
7488	1
7489	4
7490	4
7491	4
7492	3
7493	1
7494	5
7495	3
7496	5
7497	2
7498	4
7499	5
7500	1
7501	3
7502	2
7503	2
7504	3
7505	5
7506	1
7507	2
7508	4
7509	3
7510	1
7511	4
7512	1
7513	1
7514	4
7515	3
7516	4
7517	4
7518	3
7519	1
7520	2
7521	5
7522	5
7523	2
7524	4
7525	5
7526	5
7527	1
7528	4
7529	1
7530	5
7531	4
7532	4
7533	5
7534	3
7535	4
7536	1
7537	3
7538	3
7539	1
7540	5
7541	4
7542	5
7543	3
7544	5
7545	1
7546	3
7547	1
7548	2
7549	2
7550	4
7551	3
7552	3
7553	5
7554	2
7555	4
7556	1
7557	5
7558	3
7559	4
7560	3
7561	1
7562	5
7563	4
7564	5
7565	5
7566	5
7567	1
7568	1
7569	4
7570	4
7571	5
7572	5
7573	3
7574	2
7575	1
7576	5
7577	1
7578	4
7579	5
7580	2
7581	2
7582	5
7583	4
7584	3
7585	2
7586	5
7587	4
7588	1
7589	5
7590	2
7591	5
7592	4
7593	5
7594	4
7595	1
7596	3
7597	2
7598	2
7599	1
7600	3
7601	5
7602	2
7603	4
7604	1
7605	4
7606	2
7607	2
7608	2
7609	4
7610	1
7611	4
7612	2
7613	3
7614	4
7615	1
7616	1
7617	2
7618	4
7619	4
7620	1
7621	3
7622	4
7623	2
7624	3
7625	5
7626	2
7627	3
7628	5
7629	5
7630	1
7631	4
7632	4
7633	2
7634	4
7635	3
7636	4
7637	3
7638	5
7639	2
7640	5
7641	5
7642	4
7643	2
7644	1
7645	4
7646	1
7647	1
7648	3
7649	4
7650	5
7651	4
7652	4
7653	5
7654	4
7655	3
7656	5
7657	5
7658	5
7659	2
7660	2
7661	5
7662	2
7663	4
7664	3
7665	2
7666	5
7667	4
7668	3
7669	4
7670	3
7671	2
7672	3
7673	4
7674	2
7675	4
7676	4
7677	2
7678	4
7679	5
7680	1
7681	2
7682	4
7683	4
7684	3
7685	2
7686	5
7687	3
7688	2
7689	4
7690	4
7691	4
7692	1
7693	5
7694	1
7695	5
7696	3
7697	2
7698	3
7699	4
7700	3
7701	4
7702	5
7703	2
7704	3
7705	2
7706	5
7707	4
7708	3
7709	3
7710	4
7711	5
7712	1
7713	2
7714	2
7715	4
7716	4
7717	2
7718	2
7719	2
7720	2
7721	5
7722	3
7723	2
7724	4
7725	5
7726	4
7727	3
7728	5
7729	2
7730	4
7731	1
7732	2
7733	4
7734	1
7735	4
7736	4
7737	1
7738	4
7739	1
7740	3
7741	2
7742	1
7743	2
7744	2
7745	1
7746	3
7747	1
7748	5
7749	5
7750	5
7751	4
7752	2
7753	4
7754	4
7755	1
7756	2
7757	3
7758	5
7759	2
7760	4
7761	4
7762	2
7763	4
7764	2
7765	5
7766	2
7767	1
7768	1
7769	1
7770	2
7771	2
7772	1
7773	4
7774	5
7775	2
7776	5
7777	3
7778	4
7779	5
7780	4
7781	3
7782	4
7783	5
7784	1
7785	4
7786	1
7787	5
7788	5
7789	1
7790	1
7791	5
7792	3
7793	5
7794	4
7795	3
7796	4
7797	3
7798	2
7799	3
7800	2
7801	3
7802	3
7803	5
7804	4
7805	5
7806	3
7807	3
7808	3
7809	3
7810	5
7811	2
7812	3
7813	5
7814	3
7815	2
7816	2
7817	3
7818	3
7819	2
7820	5
7821	2
7822	5
7823	2
7824	1
7825	3
7826	4
7827	5
7828	4
7829	3
7830	3
7831	1
7832	4
7833	2
7834	5
7835	2
7836	5
7837	2
7838	3
7839	1
7840	1
7841	2
7842	5
7843	3
7844	5
7845	2
7846	3
7847	1
7848	1
7849	5
7850	1
7851	1
7852	2
7853	2
7854	5
7855	2
7856	5
7857	4
7858	3
7859	4
7860	4
7861	3
7862	2
7863	3
7864	3
7865	4
7866	4
7867	3
7868	5
7869	1
7870	5
7871	1
7872	5
7873	5
7874	2
7875	2
7876	3
7877	3
7878	3
7879	3
7880	2
7881	2
7882	5
7883	4
7884	5
7885	4
7886	1
7887	5
7888	3
7889	5
7890	1
7891	3
7892	4
7893	3
7894	4
7895	4
7896	3
7897	1
7898	2
7899	5
7900	5
7901	1
7902	4
7903	5
7904	3
7905	4
7906	4
7907	4
7908	1
7909	4
7910	1
7911	1
7912	1
7913	3
7914	5
7915	2
7916	1
7917	5
7918	3
7919	5
7920	1
7921	1
7922	3
7923	2
7924	2
7925	4
7926	5
7927	2
7928	5
7929	3
7930	5
7931	1
7932	4
7933	1
7934	4
7935	2
7936	3
7937	1
7938	3
7939	2
7940	2
7941	5
7942	3
7943	5
7944	1
7945	4
7946	3
7947	2
7948	3
7949	5
7950	5
7951	4
7952	5
7953	2
7954	4
7955	4
7956	4
7957	4
7958	2
7959	5
7960	2
7961	2
7962	4
7963	3
7964	3
7965	1
7966	4
7967	4
7968	1
7969	1
7970	2
7971	1
7972	3
7973	2
7974	5
7975	1
7976	1
7977	4
7978	2
7979	2
7980	4
7981	2
7982	4
7983	4
7984	5
7985	2
7986	1
7987	3
7988	4
7989	5
7990	5
7991	3
7992	4
7993	2
7994	1
7995	4
7996	1
7997	5
7998	3
7999	4
8000	5
8001	5
8002	1
8003	1
8004	5
8005	5
8006	3
8007	5
8008	3
8009	2
8010	1
8011	1
8012	3
8013	3
8014	4
8015	5
8016	5
8017	5
8018	4
8019	3
8020	1
8021	5
8022	1
8023	4
8024	4
8025	3
8026	1
8027	5
8028	2
8029	4
8030	2
8031	3
8032	4
8033	2
8034	3
8035	3
8036	1
8037	4
8038	1
8039	1
8040	5
8041	2
8042	2
8043	5
8044	5
8045	4
8046	4
8047	1
8048	3
8049	3
8050	1
8051	1
8052	3
8053	1
8054	4
8055	2
8056	1
8057	2
8058	3
8059	4
8060	2
8061	5
8062	4
8063	3
8064	2
8065	5
8066	1
8067	5
8068	5
8069	1
8070	4
8071	1
8072	4
8073	1
8074	4
8075	4
8076	1
8077	5
8078	4
8079	3
8080	3
8081	2
8082	5
8083	2
8084	3
8085	5
8086	2
8087	2
8088	2
8089	3
8090	5
8091	1
8092	3
8093	4
8094	2
8095	2
8096	5
8097	2
8098	3
8099	5
8100	5
8101	1
8102	1
8103	2
8104	4
8105	3
8106	2
8107	2
8108	5
8109	4
8110	1
8111	1
8112	2
8113	3
8114	1
8115	1
8116	5
8117	4
8118	3
8119	1
8120	2
8121	1
8122	3
8123	4
8124	5
8125	2
8126	5
8127	1
8128	4
8129	2
8130	3
8131	3
8132	3
8133	5
8134	5
8135	2
8136	3
8137	3
8138	1
8139	5
8140	4
8141	3
8142	4
8143	4
8144	4
8145	5
8146	1
8147	2
8148	5
8149	1
8150	3
8151	2
8152	2
8153	4
8154	4
8155	1
8156	5
8157	4
8158	3
8159	5
8160	4
8161	3
8162	1
8163	4
8164	5
8165	1
8166	2
8167	2
8168	2
8169	1
8170	5
8171	2
8172	2
8173	4
8174	1
8175	3
8176	2
8177	4
8178	3
8179	2
8180	4
8181	5
8182	2
8183	4
8184	5
8185	5
8186	3
8187	3
8188	2
8189	2
8190	3
8191	2
8192	4
8193	2
8194	2
8195	3
8196	1
8197	4
8198	4
8199	5
8200	3
8201	1
8202	1
8203	2
8204	1
8205	2
8206	1
8207	2
8208	3
8209	3
8210	5
8211	3
8212	3
8213	3
8214	3
8215	3
8216	2
8217	2
8218	1
8219	2
8220	1
8221	4
8222	4
8223	4
8224	1
8225	2
8226	2
8227	3
8228	2
8229	3
8230	1
8231	4
8232	5
8233	1
8234	2
8235	2
8236	4
8237	4
8238	1
8239	2
8240	3
8241	3
8242	1
8243	1
8244	2
8245	5
8246	1
8247	5
8248	5
8249	2
8250	5
8251	5
8252	5
8253	5
8254	4
8255	2
8256	2
8257	3
8258	2
8259	3
8260	5
8261	5
8262	1
8263	2
8264	5
8265	3
8266	1
8267	2
8268	3
8269	2
8270	2
8271	5
8272	2
8273	2
8274	5
8275	4
8276	5
8277	4
8278	5
8279	3
8280	4
8281	4
8282	3
8283	4
8284	1
8285	2
8286	2
8287	1
8288	3
8289	1
8290	3
8291	3
8292	4
8293	5
8294	5
8295	1
8296	2
8297	1
8298	2
8299	2
8300	4
8301	3
8302	1
8303	5
8304	3
8305	4
8306	1
8307	2
8308	2
8309	1
8310	4
8311	2
8312	4
8313	1
8314	2
8315	2
8316	1
8317	1
8318	1
8319	4
8320	5
8321	4
8322	3
8323	5
8324	1
8325	4
8326	3
8327	3
8328	3
8329	3
8330	2
8331	1
8332	1
8333	5
8334	4
8335	4
8336	2
8337	1
8338	5
8339	2
8340	2
8341	5
8342	5
8343	3
8344	1
8345	4
8346	2
8347	2
8348	4
8349	3
8350	2
8351	2
8352	4
8353	3
8354	5
8355	4
8356	5
8357	1
8358	5
8359	3
8360	3
8361	1
8362	2
8363	1
8364	4
8365	2
8366	1
8367	3
8368	2
8369	3
8370	2
8371	3
8372	2
8373	3
8374	5
8375	4
8376	3
8377	1
8378	5
8379	3
8380	3
8381	3
8382	2
8383	1
8384	1
8385	3
8386	1
8387	3
8388	5
8389	4
8390	1
8391	5
8392	3
8393	3
8394	1
8395	3
8396	3
8397	3
8398	5
8399	1
8400	2
8401	5
8402	1
8403	3
8404	1
8405	1
8406	4
8407	1
8408	2
8409	4
8410	5
8411	1
8412	3
8413	2
8414	3
8415	2
8416	5
8417	5
8418	5
8419	5
8420	1
8421	4
8422	3
8423	4
8424	5
8425	3
8426	1
8427	1
8428	1
8429	1
8430	2
8431	4
8432	2
8433	3
8434	5
8435	2
8436	1
8437	2
8438	2
8439	2
8440	2
8441	2
8442	3
8443	3
8444	2
8445	3
8446	2
8447	5
8448	3
8449	1
8450	1
8451	4
8452	1
8453	2
8454	2
8455	3
8456	4
8457	2
8458	2
8459	3
8460	4
8461	3
8462	2
8463	4
8464	5
8465	1
8466	2
8467	5
8468	1
8469	1
8470	5
8471	3
8472	3
8473	1
8474	5
8475	4
8476	2
8477	1
8478	1
8479	4
8480	4
8481	4
8482	2
8483	5
8484	1
8485	4
8486	3
8487	1
8488	2
8489	2
8490	4
8491	5
8492	3
8493	5
8494	2
8495	4
8496	1
8497	1
8498	4
8499	2
8500	4
8501	2
8502	5
8503	1
8504	2
8505	3
8506	1
8507	3
8508	3
8509	2
8510	5
8511	1
8512	3
8513	2
8514	4
8515	5
8516	5
8517	1
8518	2
8519	5
8520	3
8521	4
8522	3
8523	3
8524	4
8525	2
8526	1
8527	1
8528	5
8529	3
8530	4
8531	1
8532	1
8533	3
8534	1
8535	4
8536	2
8537	4
8538	4
8539	3
8540	1
8541	2
8542	1
8543	4
8544	5
8545	5
8546	5
8547	1
8548	3
8549	3
8550	2
8551	5
8552	4
8553	4
8554	3
8555	5
8556	4
8557	3
8558	4
8559	3
8560	2
8561	3
8562	4
8563	3
8564	2
8565	2
8566	2
8567	3
8568	3
8569	1
8570	2
8571	3
8572	1
8573	3
8574	1
8575	1
8576	3
8577	4
8578	2
8579	5
8580	5
8581	1
8582	1
8583	4
8584	4
8585	1
8586	4
8587	4
8588	4
8589	1
8590	3
8591	4
8592	3
8593	4
8594	5
8595	5
8596	1
8597	4
8598	5
8599	3
8600	2
8601	5
8602	3
8603	2
8604	5
8605	2
8606	2
8607	1
8608	3
8609	5
8610	5
8611	3
8612	4
8613	3
8614	5
8615	3
8616	5
8617	5
8618	5
8619	3
8620	2
8621	3
8622	5
8623	1
8624	2
8625	2
8626	2
8627	3
8628	2
8629	4
8630	1
8631	1
8632	4
8633	3
8634	3
8635	5
8636	3
8637	1
8638	4
8639	4
8640	4
8641	3
8642	1
8643	4
8644	2
8645	4
8646	5
8647	1
8648	2
8649	4
8650	1
8651	2
8652	1
8653	3
8654	2
8655	5
8656	3
8657	1
8658	3
8659	3
8660	3
8661	2
8662	4
8663	3
8664	4
8665	4
8666	4
8667	5
8668	5
8669	2
8670	3
8671	2
8672	3
8673	5
8674	3
8675	4
8676	2
8677	3
8678	5
8679	5
8680	5
8681	3
8682	2
8683	4
8684	4
8685	5
8686	1
8687	1
8688	4
8689	3
8690	3
8691	1
8692	1
8693	4
8694	5
8695	1
8696	2
8697	3
8698	3
8699	1
8700	2
8701	5
8702	3
8703	1
8704	1
8705	3
8706	5
8707	4
8708	4
8709	4
8710	5
8711	2
8712	3
8713	4
8714	3
8715	3
8716	4
8717	1
8718	5
8719	4
8720	1
8721	2
8722	2
8723	5
8724	5
8725	2
8726	3
8727	5
8728	5
8729	3
8730	3
8731	4
8732	3
8733	2
8734	4
8735	1
8736	3
8737	4
8738	1
8739	3
8740	4
8741	1
8742	4
8743	4
8744	5
8745	5
8746	5
8747	5
8748	3
8749	3
8750	2
8751	3
8752	1
8753	2
8754	5
8755	5
8756	4
8757	1
8758	3
8759	2
8760	5
8761	4
8762	3
8763	4
8764	2
8765	1
8766	5
8767	2
8768	5
8769	5
8770	2
8771	4
8772	3
8773	1
8774	5
8775	2
8776	5
8777	1
8778	2
8779	1
8780	4
8781	2
8782	3
8783	3
8784	4
8785	1
8786	3
8787	1
8788	1
8789	1
8790	5
8791	4
8792	3
8793	2
8794	3
8795	3
8796	4
8797	5
8798	1
8799	1
8800	5
8801	1
8802	2
8803	5
8804	4
8805	2
8806	4
8807	2
8808	2
8809	1
8810	5
8811	5
8812	4
8813	1
8814	4
8815	1
8816	5
8817	1
8818	3
8819	4
8820	1
8821	2
8822	3
8823	3
8824	4
8825	4
8826	4
8827	4
8828	3
8829	4
8830	3
8831	5
8832	1
8833	4
8834	5
8835	4
8836	2
8837	2
8838	4
8839	4
8840	2
8841	2
8842	2
8843	2
8844	2
8845	2
8846	1
8847	5
8848	2
8849	3
8850	3
8851	5
8852	1
8853	4
8854	2
8855	3
8856	4
8857	3
8858	5
8859	2
8860	4
8861	2
8862	5
8863	3
8864	1
8865	2
8866	3
8867	5
8868	2
8869	5
8870	2
8871	5
8872	1
8873	1
8874	3
8875	3
8876	3
8877	5
8878	1
8879	3
8880	4
8881	5
8882	1
8883	2
8884	3
8885	4
8886	5
8887	3
8888	5
8889	3
8890	5
8891	1
8892	5
8893	5
8894	4
8895	1
8896	4
8897	4
8898	1
8899	5
8900	4
8901	4
8902	4
8903	2
8904	4
8905	4
8906	1
8907	4
8908	5
8909	5
8910	2
8911	3
8912	1
8913	3
8914	5
8915	3
8916	5
8917	1
8918	5
8919	5
8920	3
8921	5
8922	4
8923	1
8924	1
8925	5
8926	3
8927	1
8928	1
8929	5
8930	2
8931	5
8932	2
8933	5
8934	4
8935	5
8936	2
8937	2
8938	2
8939	5
8940	4
8941	2
8942	5
8943	1
8944	4
8945	3
8946	1
8947	3
8948	3
8949	5
8950	5
8951	5
8952	4
8953	1
8954	3
8955	5
8956	3
8957	5
8958	2
8959	4
8960	2
8961	2
8962	5
8963	1
8964	2
8965	1
8966	2
8967	5
8968	5
8969	2
8970	5
8971	2
8972	2
8973	5
8974	4
8975	4
8976	5
8977	2
8978	3
8979	1
8980	5
8981	2
8982	3
8983	1
8984	5
8985	1
8986	1
8987	1
8988	3
8989	3
8990	5
8991	1
8992	4
8993	5
8994	1
8995	4
8996	5
8997	5
8998	1
8999	5
9000	5
9001	4
9002	5
9003	2
9004	2
9005	5
9006	3
9007	1
9008	4
9009	4
9010	4
9011	2
9012	5
9013	3
9014	4
9015	5
9016	3
9017	1
9018	2
9019	5
9020	1
9021	1
9022	2
9023	1
9024	4
9025	4
9026	5
9027	1
9028	4
9029	2
9030	1
9031	5
9032	4
9033	5
9034	1
9035	5
9036	1
9037	2
9038	5
9039	4
9040	1
9041	2
9042	1
9043	2
9044	1
9045	2
9046	1
9047	2
9048	4
9049	2
9050	3
9051	4
9052	3
9053	5
9054	1
9055	5
9056	3
9057	1
9058	2
9059	4
9060	4
9061	2
9062	5
9063	3
9064	5
9065	2
9066	2
9067	2
9068	1
9069	3
9070	2
9071	2
9072	2
9073	5
9074	3
9075	5
9076	1
9077	5
9078	5
9079	1
9080	3
9081	5
9082	3
9083	4
9084	4
9085	1
9086	2
9087	3
9088	5
9089	4
9090	5
9091	3
9092	4
9093	5
9094	4
9095	3
9096	3
9097	5
9098	1
9099	2
9100	1
9101	3
9102	4
9103	1
9104	4
9105	5
9106	1
9107	5
9108	3
9109	1
9110	3
9111	5
9112	4
9113	3
9114	2
9115	5
9116	2
9117	4
9118	4
9119	1
9120	5
9121	2
9122	4
9123	1
9124	2
9125	1
9126	2
9127	4
9128	4
9129	4
9130	3
9131	5
9132	4
9133	2
9134	3
9135	2
9136	3
9137	2
9138	1
9139	2
9140	2
9141	5
9142	2
9143	2
9144	2
9145	5
9146	1
9147	5
9148	4
9149	5
9150	2
9151	3
9152	4
9153	3
9154	3
9155	3
9156	1
9157	3
9158	2
9159	4
9160	3
9161	5
9162	2
9163	3
9164	3
9165	5
9166	1
9167	2
9168	1
9169	3
9170	2
9171	3
9172	4
9173	1
9174	1
9175	3
9176	4
9177	5
9178	1
9179	4
9180	2
9181	2
9182	1
9183	5
9184	3
9185	3
9186	3
9187	4
9188	3
9189	3
9190	2
9191	4
9192	1
9193	2
9194	3
9195	4
9196	4
9197	3
9198	1
9199	5
9200	4
9201	2
9202	4
9203	5
9204	3
9205	3
9206	1
9207	4
9208	3
9209	2
9210	3
9211	5
9212	1
9213	5
9214	2
9215	2
9216	1
9217	3
9218	2
9219	3
9220	3
9221	5
9222	4
9223	5
9224	1
9225	5
9226	2
9227	5
9228	1
9229	5
9230	5
9231	4
9232	3
9233	3
9234	1
9235	3
9236	2
9237	2
9238	1
9239	1
9240	3
9241	3
9242	5
9243	4
9244	2
9245	2
9246	5
9247	1
9248	1
9249	5
9250	1
9251	5
9252	3
9253	1
9254	3
9255	1
9256	2
9257	1
9258	4
9259	5
9260	2
9261	3
9262	2
9263	5
9264	5
9265	2
9266	2
9267	3
9268	3
9269	2
9270	4
9271	1
9272	4
9273	3
9274	4
9275	5
9276	5
9277	5
9278	5
9279	1
9280	5
9281	3
9282	1
9283	3
9284	2
9285	3
9286	3
9287	5
9288	4
9289	4
9290	4
9291	2
9292	1
9293	2
9294	5
9295	2
9296	2
9297	2
9298	3
9299	5
9300	1
9301	1
9302	2
9303	1
9304	4
9305	4
9306	3
9307	1
9308	3
9309	5
9310	3
9311	4
9312	5
9313	1
9314	1
9315	4
9316	5
9317	1
9318	3
9319	4
9320	2
9321	5
9322	3
9323	2
9324	3
9325	4
9326	1
9327	4
9328	5
9329	4
9330	4
9331	2
9332	1
9333	3
9334	2
9335	3
9336	4
9337	2
9338	4
9339	2
9340	2
9341	3
9342	1
9343	1
9344	1
9345	3
9346	4
9347	5
9348	5
9349	5
9350	2
9351	3
9352	3
9353	4
9354	1
9355	1
9356	1
9357	1
9358	3
9359	4
9360	5
9361	3
9362	4
9363	4
9364	3
9365	1
9366	5
9367	4
9368	5
9369	3
9370	2
9371	5
9372	3
9373	5
9374	2
9375	1
9376	1
9377	4
9378	4
9379	4
9380	1
9381	1
9382	4
9383	5
9384	5
9385	3
9386	4
9387	3
9388	4
9389	2
9390	3
9391	1
9392	1
9393	3
9394	4
9395	5
9396	1
9397	1
9398	1
9399	5
9400	5
9401	4
9402	2
9403	2
9404	3
9405	3
9406	1
9407	2
9408	4
9409	2
9410	3
9411	1
9412	1
9413	3
9414	2
9415	5
9416	2
9417	5
9418	5
9419	2
9420	5
9421	3
9422	2
9423	4
9424	1
9425	1
9426	4
9427	4
9428	3
9429	5
9430	4
9431	2
9432	2
9433	1
9434	3
9435	5
9436	2
9437	2
9438	4
9439	4
9440	3
9441	4
9442	2
9443	3
9444	5
9445	5
9446	3
9447	2
9448	1
9449	5
9450	1
9451	1
9452	5
9453	4
9454	1
9455	3
9456	3
9457	4
9458	1
9459	2
9460	1
9461	1
9462	5
9463	5
9464	3
9465	4
9466	2
9467	3
9468	2
9469	3
9470	2
9471	4
9472	3
9473	5
9474	3
9475	2
9476	2
9477	4
9478	1
9479	5
9480	2
9481	2
9482	2
9483	2
9484	4
9485	4
9486	1
9487	2
9488	5
9489	4
9490	4
9491	3
9492	2
9493	3
9494	2
9495	2
9496	2
9497	1
9498	4
9499	4
9500	2
9501	2
9502	2
9503	1
9504	2
9505	5
9506	3
9507	1
9508	3
9509	2
9510	2
9511	5
9512	5
9513	2
9514	5
9515	1
9516	3
9517	5
9518	2
9519	5
9520	3
9521	2
9522	1
9523	5
9524	5
9525	5
9526	4
9527	1
9528	1
9529	4
9530	1
9531	4
9532	3
9533	5
9534	2
9535	2
9536	3
9537	2
9538	2
9539	4
9540	1
9541	5
9542	5
9543	4
9544	3
9545	3
9546	4
9547	1
9548	1
9549	4
9550	4
9551	4
9552	1
9553	3
9554	3
9555	1
9556	1
9557	4
9558	5
9559	2
9560	1
9561	5
9562	3
9563	1
9564	5
9565	4
9566	2
9567	4
9568	5
9569	3
9570	5
9571	2
9572	1
9573	5
9574	5
9575	5
9576	5
9577	3
9578	1
9579	5
9580	5
9581	1
9582	2
9583	2
9584	1
9585	3
9586	3
9587	3
9588	5
9589	4
9590	5
9591	3
9592	5
9593	2
9594	1
9595	3
9596	5
9597	5
9598	5
9599	5
9600	2
9601	1
9602	3
9603	1
9604	5
9605	5
9606	3
9607	2
9608	4
9609	2
9610	3
9611	1
9612	1
9613	1
9614	5
9615	4
9616	3
9617	5
9618	5
9619	5
9620	1
9621	5
9622	1
9623	3
9624	4
9625	5
9626	1
9627	2
9628	1
9629	5
9630	1
9631	2
9632	5
9633	5
9634	3
9635	3
9636	3
9637	2
9638	2
9639	5
9640	4
9641	4
9642	4
9643	1
9644	1
9645	1
9646	5
9647	4
9648	2
9649	3
9650	3
9651	2
9652	3
9653	4
9654	1
9655	3
9656	4
9657	4
9658	2
9659	2
9660	3
9661	3
9662	4
9663	1
9664	1
9665	5
9666	5
9667	1
9668	5
9669	4
9670	4
9671	4
9672	3
9673	3
9674	1
9675	3
9676	4
9677	1
9678	3
9679	3
9680	2
9681	2
9682	2
9683	3
9684	2
9685	2
9686	3
9687	1
9688	2
9689	2
9690	4
9691	1
9692	3
9693	1
9694	4
9695	4
9696	2
9697	5
9698	2
9699	2
9700	5
9701	4
9702	3
9703	4
9704	2
9705	2
9706	3
9707	1
9708	2
9709	1
9710	2
9711	2
9712	1
9713	5
9714	3
9715	3
9716	1
9717	2
9718	5
9719	4
9720	2
9721	2
9722	2
9723	5
9724	1
9725	3
9726	2
9727	2
9728	1
9729	3
9730	1
9731	3
9732	5
9733	3
9734	1
9735	2
9736	5
9737	5
9738	2
9739	2
9740	2
9741	2
9742	3
9743	3
9744	3
9745	1
9746	4
9747	4
9748	3
9749	4
9750	1
9751	3
9752	2
9753	4
9754	2
9755	1
9756	3
9757	3
9758	2
9759	5
9760	2
9761	1
9762	5
9763	5
9764	3
9765	1
9766	3
9767	4
9768	2
9769	5
9770	3
9771	5
9772	5
9773	3
9774	1
9775	4
9776	5
9777	4
9778	4
9779	1
9780	1
9781	3
9782	4
9783	2
9784	3
9785	1
9786	5
9787	5
9788	1
9789	3
9790	2
9791	3
9792	5
9793	1
9794	1
9795	4
9796	3
9797	2
9798	4
9799	2
9800	2
9801	3
9802	1
9803	1
9804	3
9805	3
9806	4
9807	2
9808	2
9809	5
9810	4
9811	4
9812	1
9813	1
9814	5
9815	5
9816	2
9817	4
9818	2
9819	4
9820	4
9821	2
9822	2
9823	1
9824	2
9825	3
9826	4
9827	5
9828	3
9829	4
9830	3
9831	3
9832	5
9833	1
9834	5
9835	2
9836	3
9837	1
9838	2
9839	1
9840	2
9841	3
9842	2
9843	1
9844	1
9845	3
9846	2
9847	3
9848	3
9849	5
9850	2
9851	1
9852	1
9853	4
9854	4
9855	5
9856	5
9857	3
9858	2
9859	4
9860	1
9861	2
9862	3
9863	2
9864	1
9865	3
9866	4
9867	4
9868	2
9869	3
9870	2
9871	3
9872	2
9873	4
9874	1
9875	5
9876	2
9877	4
9878	3
9879	4
9880	5
9881	2
9882	4
9883	1
9884	4
9885	2
9886	3
9887	2
9888	3
9889	1
9890	1
9891	3
9892	2
9893	2
9894	5
9895	4
9896	5
9897	4
9898	3
9899	1
9900	4
9901	4
9902	3
9903	2
9904	1
9905	5
9906	1
9907	1
9908	1
9909	1
9910	2
9911	5
9912	1
9913	2
9914	3
9915	1
9916	2
9917	2
9918	3
9919	1
9920	4
9921	2
9922	3
9923	5
9924	4
9925	5
9926	5
9927	4
9928	3
9929	5
9930	4
9931	3
9932	1
9933	3
9934	2
9935	4
9936	4
9937	5
9938	5
9939	4
9940	3
9941	1
9942	3
9943	4
9944	2
9945	3
9946	1
9947	3
9948	2
9949	3
9950	3
9951	4
9952	1
9953	2
9954	4
9955	4
9956	2
9957	1
9958	2
9959	2
9960	5
9961	2
9962	2
9963	5
9964	1
9965	2
9966	4
9967	5
9968	2
9969	1
9970	2
9971	5
9972	2
9973	5
9974	1
9975	2
9976	1
9977	2
9978	4
9979	1
9980	5
9981	4
9982	5
9983	5
9984	4
9985	4
9986	4
9987	5
9988	2
9989	5
9990	3
9991	1
9992	5
9993	4
9994	3
9995	2
9996	1
9997	3
9998	5
9999	3
10000	5
